2.0861626953694312e-07 2.0861622568313365e-07 0.9999999999999563 0.0 -0.9999999999999563 2.0861626953694312e-07 2.0861622568313365e-07 0.0 -2.0861622568313365e-07 -0.9999999999999563 2.0861626953694312e-07 0.0
-0.0108508252723577 -0.05017494444904791 0.9986814980465211 0.05264423042535782 -0.9999168695664143 0.007501260629435125 -0.010487375528289322 0.004431918263435364 -0.006965166718093385 -0.9987122738999978 -0.05025216825257306 -0.1791553646326065
-0.009352247450623186 -0.05993985414552372 0.9981581785231417 0.06409280002117157 -0.999936449892428 0.006844907348106999 -0.008957869162015852 0.005208134651184082 -0.0062953668797203766 -0.998178521672556 -0.06000006022864113 -0.2234712541103363
-0.007517134879997556 -0.079078704365518 0.9968400329035081 0.07061534374952316 -0.9999716584579043 0.0010114509758002987 -0.007460512574365197 0.00726047158241272 -0.00041828715571368136 -0.9968678625990481 -0.079084066366499 -0.2617354094982147
-0.006018065997404676 -0.12842898117833634 0.9917004485605245 0.0761466771364212 -0.9999726846941777 -0.0034826474296376086 -0.006519281586155945 0.010029375553131104 0.004291007710274519 -0.9917125934263291 -0.12840451429936173 -0.2984524965286255
0.002738982983587046 -0.12822653538173617 0.9917411222674049 0.09679831564426422 -0.9998281375726195 0.017833127024980577 0.0050670404160204074 0.016811728477478027 -0.018335574446476766 -0.9915845577682758 -0.12815565342664514 -0.3464401662349701
-0.039077873992790946 -0.026442952074717863 0.9988862247772654 -0.0005018226802349091 -0.9985748179833558 -0.03533064565233135 -0.04000097957922166 0.017868613824248314 0.036349039240555714 -0.9990257833326243 -0.02502461953606816 0.027532558888196945
-0.042244931964011356 0.022561138754103593 0.9988525220178772 -0.017808951437473297 -0.9988812952215111 -0.02221638171630025 -0.04174434620438844 0.019637703895568848 0.021249088920521852 -0.9994985879937768 0.02347442903446284 0.11172284185886383
-0.043235976766755835 0.04768822870500472 0.9979260910287913 -0.029037252068519592 -0.9988039334090353 -0.02489171243172883 -0.04208450140913522 0.018373429775238037 0.022833153957873165 -0.9985520694962257 0.048707407908251565 0.139041006565094
-0.03959144710652085 -0.014545537062977676 0.9991100763517309 0.024712393060326576 -0.9987796197762233 -0.028970021662040102 -0.04000011205689452 0.002857513725757599 0.02952606366711885 -0.9994744444939305 -0.01338082089689463 -0.06161380559206009
-0.04179524533617496 -0.057499228893268306 0.9974702983768329 0.05530189722776413 -0.9989391254331712 -0.01691341283830905 -0.04283176560651775 0.00019562244415283203 0.019333420444910876 -0.9982022716578238 -0.05673132918467383 -0.186354398727417
-0.035011660516737264 -0.11375996470528099 0.9928911592204426 0.06821273267269135 -0.9992052432057967 -0.014957401157608519 -0.03694804596532064 0.0007225871086120605 0.01905427977924684 -0.9933956646678421 -0.11314586974888041 -0.27967190742492676
-0.028466194373281295 -0.11837455695169324 0.9925608999171751 0.060526832938194275 -0.9994075198312997 -0.01584769375416145 -0.030552576116007146 0.005875289440155029 0.01934644883570763 -0.9928425428380697 -0.11785329884344631 -0.2507346570491791
-0.0764106715419669 -0.008999110227937923 0.9970358194616734 -0.019572168588638306 -0.9970406698483123 -0.00777943626351818 -0.07648125940287753 0.009616822004318237 0.008444639893684935 -0.9999292456901773 -0.008378046940588413 0.10214070975780487
-0.08326465957593732 0.025231014988774836 0.9962080065670722 -0.030744075775146484 -0.996506849023854 -0.008539046115832893 -0.08307336841600732 0.004520714282989502 0.006410640705365733 -0.9996451773374732 0.02585388001207556 0.14469175040721893
-0.08303274233710323 0.03538166028815942 0.9959185216749576 -0.03176051750779152 -0.99650434685093 -0.01217451673689618 -0.08264906441953285 0.0017358362674713135 0.00920056559029081 -0.9992997144287974 0.03626886178724753 0.16087505221366882
-0.0851972303548777 0.03966751286535669 0.9955741661789619 -0.03380025178194046 -0.9963086559725514 -0.013933311741279875 -0.08470492818064818 0.0032771825790405273 0.010511611390571052 -0.9991157847051548 0.04070816599868532 0.1677911877632141
-0.09065127846892318 0.036616990409047645 0.9952092954375642 -0.032141126692295074 -0.9956919413614893 -0.022890926897984 -0.08985300981903416 0.0021714121103286743 0.019491116431287814 -0.9990671656496046 0.038534334055840724 0.15485410392284393
-0.06309587871698863 -0.07349850290697085 0.9952973827753016 0.05655386671423912 -0.9978680756848839 -0.01202159143664594 -0.06414658890601604 -0.012877479195594788 0.01667973674486878 -0.9972228694779139 -0.07258329678622699 -0.16767427325248718
-0.062044298069757864 -0.10829960676080913 0.9921802760851908 0.06744448840618134 -0.9980129564949827 -0.004208082014410586 -0.06286836019735287 -0.014745324850082397 0.010983794661917123 -0.9941093939910307 -0.10782332323579513 -0.22040638327598572
-0.062363127403024854 -0.11799679334174162 0.9910537811347981 0.0691651999950409 -0.9979160617355276 -0.00910816241318435 -0.06387937936227728 -0.01433989405632019 0.016564240724185497 -0.9929722041117371 -0.11718288181603087 -0.24816825985908508
-0.052549832114648254 -0.1266632474568864 0.9905528440665838 0.0720481425523758 -0.9983191982360845 -0.01761239737830078 -0.05521396464527928 -0.013027369976043701 0.024439590380847476 -0.9917894056715187 -0.1255248231217715 -0.2758086919784546
-0.03887940054464051 -0.12596205820901502 0.9912728948705489 0.06734302639961243 -0.9989332595376235 -0.019835003693512043 -0.04170030716934209 -0.01006266474723816 0.024914558050034064 -0.9918367469096048 -0.1250565163313948 -0.28446537256240845
-0.09029661439519676 0.010813353595013786 0.9958562109123957 -0.01333310455083847 -0.9952129681041179 -0.03851627837502536 -0.08982006689782279 -0.0022272318601608276 0.03738541889770597 -0.9991994634126693 0.014239479262820876 0.13985386490821838
-0.09202330131422676 0.0356060811607159 0.9951200525562771 -0.022460930049419403 -0.9953516615275637 -0.031795912401104465 -0.09090703960034863 0.0020474791526794434 0.028403906589571426 -0.9988599636280142 0.038366536871251467 0.17316433787345886
-0.09299148644761857 0.040774740951146415 0.9948316460329503 -0.026886001229286194 -0.9954278532764259 -0.025700645841326253 -0.09199383525446103 7.12275505065918e-06 0.02181679100483347 -0.9988377732663626 0.04297825411235079 0.184422567486763
-0.10046100392327706 0.03689090727609984 0.9942568318352525 -0.028455771505832672 -0.9947991216021785 -0.020599847770309654 -0.09975146079819591 0.0031796693801879883 0.016801617489434706 -0.9991069548512743 0.03876852354104332 0.18514640629291534
-0.08675069812327973 -0.051384702766297474 0.9949039796365993 0.038359954953193665 -0.994910218433801 -0.04692066383601179 -0.08917459594073979 -0.016920968890190125 0.05126376528435883 -0.9975760941536276 -0.04705276550919124 -0.05572967231273651
-0.060987011889192644 -0.07883534768824119 0.9950203878995152 0.03281986713409424 -0.9972853650117847 -0.03639620912973618 -0.06400950471840999 -0.01719808578491211 0.04126118168616988 -0.9962230191658186 -0.07640164245618186 -0.0888153687119484
-0.044119323239019514 -0.10946391835078534 0.9930111459073477 0.02369089052081108 -0.9986787938166066 -0.021381158132376454 -0.046728073552485594 -0.016813606023788452 0.026346766365895946 -0.9937607844225951 -0.10837597171813507 -0.10777375102043152
-0.03309887671495648 -0.1660687545039265 0.9855585386661324 0.009470663964748383 -0.9994247852484734 -0.0017884340377516406 -0.03386591405432482 -0.015395782887935638 0.007386676603886144 -0.9861125545703223 -0.16591403414883965 -0.11678582429885864
-0.06688903797901297 -0.2359099044438283 0.9694701509502733 0.0007081702351570129 -0.9977536723164734 0.012241541003651879 -0.06586162807619506 -0.014048144221305847 0.003669601781295828 -0.9716978242535894 -0.23619879839577296 -0.11311401426792145
-0.08590878576731698 -0.28895036741505126 0.9534817070603359 -0.010354220867156982 -0.9962985009240393 0.02779349717144819 -0.08134382933875733 -0.006777346134185791 -0.002996261753828 -0.956940545010863 -0.2902685234912926 -0.10906577110290527
-0.09312908954070759 -0.3458009525293615 0.9336748223611391 -0.025403868407011032 -0.9955395571567953 0.04656134201683676 -0.08205505204216701 -0.004015915095806122 -0.01509843758043844 -0.9371519314707606 -0.3485947425352999 -0.10909897089004517
-0.09270985839212925 -0.3798154077031024 0.9204048773383575 -0.0372854508459568 -0.9956091614600067 0.04736937636902244 -0.0807374745661022 -0.005969278514385223 -0.012933668227281536 -0.923848687964504 -0.3825393077481718 -0.11116181313991547
-0.08716225506927638 -0.40134256007601704 0.9117712930131474 -0.04822631925344467 -0.9961074759329556 0.047184139049455676 -0.07445504289595051 -0.015384592115879059 -0.013139165944403841 -0.9147118707515444 -0.4038930004648448 -0.10620889067649841
-0.08095628804904303 -0.38948088333666786 0.917469738433159 -0.04895733296871185 -0.9965643811188236 0.04777210103334589 -0.06765545542020929 -0.024772636592388153 -0.017478950499858703 -0.9197947966139777 -0.39201022743198277 -0.10235368460416794
-0.06599647565506755 -0.365883311860222 0.9283177620315717 -0.04205898940563202 -0.9977353123426318 0.03630829880844183 -0.05662114394983514 -0.03583630174398422 -0.012988907023346319 -0.9299522082020304 -0.36745092019820336 -0.09919961541891098
-0.05695714444010869 -0.3659083328708956 0.9289063330782446 -0.03714752197265625 -0.9983543122543184 0.027094815592192734 -0.050542439308287335 -0.03757305443286896 -0.006674646090651215 -0.9302563963250492 -0.36684940533670984 -0.09750428050756454
-0.05250734933554729 -0.3748548026836802 0.9255954057636273 -0.03216155618429184 -0.9986205238341124 0.01986413751312971 -0.04860519949699077 -0.041780389845371246 -0.00016626195476437955 -0.9268706991516338 -0.3753807126253609 -0.09618712961673737
-0.05248438564646779 -0.3802753808251713 0.9233829238195734 -0.02361968159675598 -0.9986201319438042 0.02164790728532101 -0.04784558690940677 -0.059420011937618256 -0.001794809140916398 -0.9246199234541927 -0.38088682808901486 -0.09402164071798325
-0.06090292931078839 -0.38468295044561374 0.9210373829752097 -0.01362040638923645 -0.9981042884209306 0.03167023643599204 -0.052771446444422 -0.09272629767656326 -0.00886919596768937 -0.9225052974159802 -0.3858825126931006 -0.09097933769226074
-0.07032701557765692 -0.3867382437163652 0.919504019418687 -0.007352933287620544 -0.9973308074205139 0.04540076964416945 -0.05718418212812626 -0.14046308398246765 -0.019630880007927343 -0.9210712789805674 -0.38889886550003716 -0.08649344742298126
-0.08850339542164326 -0.368178622645807 0.9255331711102939 -0.000780060887336731 -0.9956414820639066 0.060137794203117545 -0.0712845348022324 -0.19640548527240753 -0.029414081532956493 -0.9278081415546102 -0.37189630849546296 -0.07888271659612656
-0.08577407369742157 -0.36853482158321826 0.9256483638844584 0.011872857809066772 -0.9956582701621903 0.06542463238900514 -0.06621349208732558 -0.2512606084346771 -0.03615822643582034 -0.9273088497137234 -0.3725464801922397 -0.06139107793569565
-0.09997400497722375 -0.3684881395269044 0.9242411424281081 0.016147464513778687 -0.9941576607663001 0.07498157549398365 -0.07764218490046604 -0.2880652844905853 -0.040690832732842186 -0.9266036123199826 -0.37383151521382885 -0.060375530272722244
-0.12019706531683583 -0.3846106617680466 0.9152198120361936 0.01978287100791931 -0.9920276938274933 0.08169513572080778 -0.09595290239937465 -0.3215627372264862 -0.037864497468280744 -0.9194566567565348 -0.39136394337952307 -0.06320468336343765
-0.13181476421147414 -0.3971748117171918 0.9082274147333844 0.02267754077911377 -0.9904235009922016 0.09072285718680545 -0.10407041782472648 -0.3458004593849182 -0.041062837435133226 -0.9132477933842906 -0.4053298795555297 -0.0708119347691536
-0.13187124070604822 -0.40137385951061516 0.906371337132966 0.025232821702957153 -0.9904737742581036 0.08992173708398071 -0.10428702559142766 -0.3659820556640625 -0.03964439911961315 -0.9114894986237376 -0.40940837255372853 -0.07496137917041779
-0.1281287205301193 -0.39728956297423795 0.9087045912325158 0.02664703130722046 -0.9908164968195448 0.09118405517605471 -0.09984056145623144 -0.3780974745750427 -0.0431937565576313 -0.9131519431252333 -0.40532434933155803 -0.07685364782810211
-0.12437966273449302 -0.39081636953605997 0.9120264605814394 0.026756584644317627 -0.9911117877750315 0.09265163163660545 -0.09546255437843609 -0.3805989623069763 -0.047192410739809565 -0.9157937761623677 -0.3988666893973932 -0.07866141200065613
-0.12792420174593871 -0.3901766678213253 0.9118100495692683 0.02520468831062317 -0.9907875025373462 0.09147729879032135 -0.09986004517240393 -0.3757858872413635 -0.04444686067060999 -0.9161845183661823 -0.39828432668466107 -0.08003441244363785
-0.1293646131894306 -0.3886989572820821 0.9122378623265817 0.021632134914398193 -0.9906577110054429 0.09069685672073846 -0.10183997155554719 -0.36224135756492615 -0.04315201594138862 -0.9168899611124555 -0.39680058307844535 -0.07818913459777832
-0.12359518006616715 -0.38914161294684607 0.9128488574443958 0.01605886220932007 -0.9913148935355147 0.09007165448902671 -0.09582212120528655 -0.34049028158187866 -0.044933432086621095 -0.916763820256197 -0.39689429896407014 -0.0764126181602478
-0.11392912500065439 -0.3950273293930739 0.9115775137140893 0.010824799537658691 -0.9925667863142138 0.08478110839414249 -0.08731173097204165 -0.3121950626373291 -0.04279403208928484 -0.9147489123754322 -0.40175004433789996 -0.07803172618150711
-0.1099879417639546 -0.3969898787666727 0.9112089161237129 0.008425623178482056 -0.9929912137951259 0.0837871377702985 -0.08335565289735081 -0.29530978202819824 -0.04325623645454585 -0.9139905643391969 -0.40342303641054633 -0.07858286798000336
-0.09845896994726183 -0.39558590300382696 0.913136147889005 0.002881079912185669 -0.9941868440650483 0.07927648244865831 -0.0728543644440528 -0.2578584551811218 -0.04357006225498766 -0.915001110750809 -0.40109178126693423 -0.07915312796831131
-0.09205948882954834 -0.39321815988313696 0.9148248626128184 -0.00019413232803344727 -0.9948484659773198 0.07548245539819726 -0.0676677816219256 -0.23720821738243103 -0.042445026316586476 -0.9163415725946187 -0.39814135941372053 -0.07839015871286392
-0.0785650709934183 -0.38374470190414056 0.9200910462450451 -0.007666289806365967 -0.9961592580438786 0.06600731632954365 -0.05753057278040008 -0.19359973073005676 -0.03865568823948856 -0.9210771074950642 -0.38745670702061374 -0.07656873762607574
-0.07372915136883795 -0.3798683411687746 0.9220976388735167 -0.011106953024864197 -0.9965491963979232 0.06341277344242946 -0.053558559754650514 -0.17100967466831207 -0.03812756741629758 -0.9228644881790731 -0.3832328601006091 -0.07462379336357117
-0.0625082511715655 -0.37725195201477385 0.9239987463392549 -0.012812003493309021 -0.9974605467307787 0.05527786197423007 -0.04490897116494319 -0.13024497032165527 -0.03413467812955279 -0.9244594759515424 -0.379749260792422 -0.07483164966106415
-0.03184708764866234 -0.3926117864727941 0.9191527338429339 0.0009645968675613403 -0.9989130122020355 0.04382013231635945 -0.015893082055809638 -0.10080689191818237 -0.034037583077450806 -0.9186597744140198 -0.39358056584621626 -0.06690777838230133
-0.022936859418027478 -0.38932928957940705 0.9208130129161034 -0.005471974611282349 -0.9992884156525114 0.036514436935846994 -0.00945294863795837 -0.029065996408462524 -0.02994265891218545 -0.920374597743143 -0.38988977545764936 -0.07054507732391357
-0.016812366627760644 -0.3850206518051696 0.922754811427118 -0.01077117957174778 -0.999518351766765 0.030548358799241115 -0.00546463687013149 0.019086405634880066 -0.02608464701358515 -0.9224022416810331 -0.3853487974964779 -0.0734303742647171
-0.007828174352767281 -0.3835957327633078 0.9234679385295862 -0.013846851885318756 -0.9996796940050223 0.02522870617151085 0.0020054373429437278 0.06636802852153778 -0.02406717848705109 -0.9231564472995313 -0.3836703594610611 -0.08002740144729614
0.01780654120320918 -0.39938508796561895 0.9166103199293978 -0.015037484467029572 -0.9995863175798256 0.013598013301767298 0.025343396407125685 0.12272651493549347 -0.022585853926344435 -0.9166824125862454 -0.3989777357917079 -0.0901951864361763
0.041245434642623535 -0.3968780179071776 0.9169441929709853 -0.020150110125541687 -0.998680600166123 0.011723329358186874 0.04999622386333069 0.16735289990901947 -0.030592041006998194 -0.9177964929388377 -0.3958708433014445 -0.09590789675712585
0.0555923610972478 -0.37947565992497256 0.9235300281594205 -0.02461208403110504 -0.9979316019124774 0.00878651824112281 0.06368135521167306 0.1886262446641922 -0.0322801377325137 -0.9251599973094953 -0.37820228990087446 -0.09569099545478821
0.05062090304250266 -0.37848686603575676 0.9242214109257545 -0.006630599498748779 -0.9982865416509086 0.008021232294482594 0.057962406705953984 0.20515123009681702 -0.02935140429059624 -0.925571905402767 -0.37743230253286586 -0.10017620772123337
0.01521110866129477 -0.37273495066966816 0.9278131701601215 -0.01247706264257431 -0.9997767443381578 0.00794044919880682 0.019580877077267966 0.1303030550479889 -0.014665730595104731 -0.9279038774656573 -0.3725309524459822 -0.09366829693317413
0.003360423857296624 -0.3715002391520194 0.9284267767904433 -0.0141647569835186 -0.9999233581023148 0.009814724213245474 0.007546463410596171 0.08596059679985046 -0.011915765728178929 -0.9283809797160916 -0.37143878503530126 -0.09139784425497055
-0.008336286997216003 -0.3848485544293672 0.92294208727998 -0.01250755786895752 -0.9997472039546496 0.02248131838793821 0.0003442504907001931 0.02035493403673172 -0.020881439221476894 -0.9227059013993387 -0.38493867695890616 -0.09016801416873932
-0.004480843162266213 -0.38732557334309947 0.9219321137041462 0.000504419207572937 -0.9998776499102865 0.015552552008712694 0.0016743165468203203 -0.029013752937316895 -0.014986902763341248 -0.9218118128774744 -0.38734787257077674 -0.09505795687437057
-0.008857894475661876 -0.38991157463019505 0.9208096989469973 0.005290277302265167 -0.9998343874883426 0.018093354293334474 -0.00195655979374898 -0.076997771859169 -0.01589765080974781 -0.9206745323401846 -0.3900072694180373 -0.09475024044513702
-0.004961027820050534 -0.38665622980724984 0.9222105769043272 0.011707931756973267 -0.9997974814906667 0.019904593233623535 0.0029670141765811286 -0.1227962002158165 -0.019503440924327486 -0.9220090927531286 -0.38667667200474376 -0.09464776515960693
-0.014783664559691045 -0.3923482754717667 0.9196979254062266 -0.0023806393146514893 -0.9994329512965758 0.03362764885828773 -0.0017196205628633443 -0.17073459923267365 -0.03025258872895109 -0.9192018341836543 -0.39262293477152166 -0.08724696934223175
-0.027932254707565163 -0.39825839593789575 0.9168478822639696 0.007526606321334839 -0.9990699957939386 0.04126190580147043 -0.01251393758693875 -0.21796420216560364 -0.03284711024201231 -0.9163447523692186 -0.3990405520171405 -0.0924096554517746
-0.03661482974003727 -0.39574973691183646 0.9176281926670087 0.01791289448738098 -0.9987753227897612 0.04506682845950327 -0.020416551099794622 -0.23936580121517181 -0.03327474762213761 -0.9172519428743744 -0.3969151854790509 -0.09895595908164978
-0.07765476495395979 -0.3592405143973605 0.9300085968933112 0.03637212514877319 -0.9964962549083394 0.05703239270171051 -0.061176140253959566 -0.2620958685874939 -0.031063667420308694 -0.9315007026289556 -0.36241066425832846 -0.1069309264421463
-0.09796235008631948 -0.3194255362441212 0.9425341928867732 0.04652625322341919 -0.9948792620360714 0.05510324991667914 -0.08472830589113839 -0.2709241211414337 -0.024872312641322558 -0.9460079062268856 -0.3231878856332593 -0.10821069031953812
-0.11020987963018986 -0.29898371332228363 0.9478726294180655 0.05074244737625122 -0.9936214162582779 0.05605704028898645 -0.09784727582785707 -0.27354949712753296 -0.023880192310633597 -0.9526102809659664 -0.30325466033212034 -0.10706067085266113
-0.1295966104051144 -0.27024733374751353 0.9540288764884767 0.05865210294723511 -0.9912193218823833 0.0607780548514224 -0.11743203981667849 -0.27982309460639954 -0.0262483237280684 -0.9608706503223198 -0.2757510087934929 -0.1042860671877861
-0.1472666364297875 -0.2745959925523798 0.9502155432683841 0.06794825196266174 -0.9884704758494975 0.07504247458788976 -0.13150948780066785 -0.28685319423675537 -0.035194547426056266 -0.9586269701410969 -0.2824812842465424 -0.10087735950946808
-0.17087621419497095 -0.2862352797812892 0.9427993869487409 0.08421197533607483 -0.9841877339351037 0.09488550418875191 -0.14957020246871305 -0.29915106296539307 -0.04664572642890141 -0.9534495821507152 -0.2979229271179824 -0.09674355387687683
-0.1813615925810917 -0.29255266683952164 0.9388934496850716 0.09388813376426697 -0.9820403737970574 0.10436630903986827 -0.1571762633794634 -0.30625951290130615 -0.052006508909807125 -0.9505370117267811 -0.30622657031769074 -0.09481778740882874
-0.19324868375301973 -0.3172074690918193 0.9284580592466674 0.12768584489822388 -0.9794906515270755 0.11738106303623752 -0.16376736430543154 -0.3243442177772522 -0.057035162827771935 -0.9410638169608081 -0.3333854864992839 -0.08596786856651306
-0.19009880559182957 -0.323909752338815 0.9267928120418109 0.14102521538734436 -0.9797431580664333 0.12314191158241805 -0.15792217651058343 -0.32791268825531006 -0.0629745054333235 -0.9380397336742381 -0.34075749399505917 -0.08163373172283173
-0.17166716299697438 -0.33081297045054114 0.9279510567536736 0.16968539357185364 -0.9829747535764528 0.1201498767815865 -0.13901309629197306 -0.3270875811576843 -0.06550586981242212 -0.9360164452033195 -0.34580658659004593 -0.07180184125900269
-0.12218936726334079 -0.31231134309040337 0.9420888405584968 0.21486523747444153 -0.9908695133749392 0.0928850508681815 -0.09772397243934816 -0.30776041746139526 -0.05698566479295969 -0.9454279413589826 -0.32080935414326794 -0.05549214780330658
-0.08453191636710117 -0.3020872731619134 0.9495249520201694 0.2461957186460495 -0.9955192968783518 0.06613075688686038 -0.06758736965145906 -0.281125009059906 -0.04237551956185809 -0.9509837024824193 -0.30632386938449985 -0.04903873801231384
-0.03393372673437456 -0.3034200823149588 0.9522524643380557 0.26546087861061096 -0.9988221527935939 0.04335955805722236 -0.02177741522432336 -0.24641849100589752 -0.034681540892627594 -0.9518698452903451 -0.30453405121307353 -0.04195261001586914
0.05671526246599601 -0.3238005462330103 0.9444239436093396 0.2331019937992096 -0.9981480382258414 0.0024520607185194443 0.060782243987342 -0.19133369624614716 -0.021997108658123044 -0.9461221874881893 -0.3230618107317017 -0.021585479378700256
0.11563916279467085 -0.3336233567632848 0.9355870028223703 0.22229820489883423 -0.9931139730140405 -0.021036909193619946 0.11524792864015965 -0.1315833181142807 -0.018767541991840442 -0.9424716994549903 -0.33375870789240436 -0.027005404233932495
0.20322083883870584 -0.32534885785847656 0.923498463102066 0.23258069157600403 -0.9789640319992025 -0.0499973029636081 0.19781226895273762 -0.07260262966156006 -0.018185563328026677 -0.9442713542126281 -0.32866532354340705 -0.08139637112617493
0.24175357054584598 -0.3292647976965912 0.9127649774866242 0.1953171342611313 -0.9697932487905412 -0.050481768348250716 0.23864753437804687 -0.02056366205215454 -0.032500241977901856 -0.9428872064368338 -0.33152292561619545 -0.09461691975593567
0.25158779013545973 -0.3384723134753185 0.906719403600376 0.13671457767486572 -0.967377120916133 -0.05914588850112215 0.24633974466461123 0.01877884566783905 -0.02975045853039826 -0.939115678116428 -0.342310755503172 -0.10129550099372864
0.23800378561935134 -0.35112928951501077 0.9055729788788651 0.06387066096067429 -0.9707568715229314 -0.05586539686695233 0.23347409668720992 0.06833692640066147 -0.03138939983288286 -0.9346589107677632 -0.35415734652912356 -0.09765056520700455
0.20698303499841614 -0.3684663198768174 0.9063060158353134 0.015990257263183594 -0.9772444914660094 -0.03394959497388789 0.20938153906314122 0.10925948619842529 -0.046381322988732876 -0.9290209879854943 -0.3671086715950347 -0.10487619042396545
0.14635016923573538 -0.3889969741144438 0.9095399837799757 -0.03355090692639351 -0.9874240817018519 -0.00186891228370481 0.15808285815397677 0.04676085710525513 -0.059793903033052764 -0.9212371362991629 -0.3843784955787608 -0.14585363864898682
0.07274737236188938 -0.4016360595403238 0.912905414318133 -0.12471482902765274 -0.9922577998779686 0.06323524181608181 0.10689135967792229 -0.019289568066596985 -0.10065921912956566 -0.9136135834527545 -0.39392631510834974 -0.17166680097579956
2.0861626953694312e-07 2.0861622568313365e-07 0.9999999999999563 0.0 -0.9999999999999563 2.0861626953694312e-07 2.0861622568313365e-07 0.0 -2.0861622568313365e-07 -0.9999999999999563 2.0861626953694312e-07 0.0
2.0861626953694312e-07 2.0861622568313365e-07 0.9999999999999563 0.0 -0.9999999999999563 2.0861626953694312e-07 2.0861622568313365e-07 0.0 -2.0861622568313365e-07 -0.9999999999999563 2.0861626953694312e-07 0.0
2.0861626953694312e-07 2.0861622568313365e-07 0.9999999999999563 0.0 -0.9999999999999563 2.0861626953694312e-07 2.0861622568313365e-07 0.0 -2.0861622568313365e-07 -0.9999999999999563 2.0861626953694312e-07 0.0
2.0861626953694312e-07 2.0861622568313365e-07 0.9999999999999563 0.0 -0.9999999999999563 2.0861626953694312e-07 2.0861622568313365e-07 0.0 -2.0861622568313365e-07 -0.9999999999999563 2.0861626953694312e-07 0.0
2.0861626953694312e-07 2.0861622568313365e-07 0.9999999999999563 0.0 -0.9999999999999563 2.0861626953694312e-07 2.0861622568313365e-07 0.0 -2.0861622568313365e-07 -0.9999999999999563 2.0861626953694312e-07 0.0
2.0861626953694312e-07 2.0861622568313365e-07 0.9999999999999563 0.0 -0.9999999999999563 2.0861626953694312e-07 2.0861622568313365e-07 0.0 -2.0861622568313365e-07 -0.9999999999999563 2.0861626953694312e-07 0.0
2.0861626953694312e-07 2.0861622568313365e-07 0.9999999999999563 0.0 -0.9999999999999563 2.0861626953694312e-07 2.0861622568313365e-07 0.0 -2.0861622568313365e-07 -0.9999999999999563 2.0861626953694312e-07 0.0
2.0861626953694312e-07 2.0861622568313365e-07 0.9999999999999563 0.0 -0.9999999999999563 2.0861626953694312e-07 2.0861622568313365e-07 0.0 -2.0861622568313365e-07 -0.9999999999999563 2.0861626953694312e-07 0.0
2.0861626953694312e-07 2.0861622568313365e-07 0.9999999999999563 0.0 -0.9999999999999563 2.0861626953694312e-07 2.0861622568313365e-07 0.0 -2.0861622568313365e-07 -0.9999999999999563 2.0861626953694312e-07 0.0
2.0861626953694312e-07 2.0861622568313365e-07 0.9999999999999563 0.0 -0.9999999999999563 2.0861626953694312e-07 2.0861622568313365e-07 0.0 -2.0861622568313365e-07 -0.9999999999999563 2.0861626953694312e-07 0.0
0.09378123513752973 -0.2931629151239272 0.9514518301690951 0.20597171783447266 -0.9953102927246569 -0.004841138516189891 0.09661254874096253 -0.04952074587345123 -0.02371710632512214 -0.9560502437497247 -0.29224207481752995 -0.10766398906707764
2.0861626953694312e-07 2.0861622568313365e-07 0.9999999999999563 0.0 -0.9999999999999563 2.0861626953694312e-07 2.0861622568313365e-07 0.0 -2.0861622568313365e-07 -0.9999999999999563 2.0861626953694312e-07 0.0
2.0861626953694312e-07 2.0861622568313365e-07 0.9999999999999563 0.0 -0.9999999999999563 2.0861626953694312e-07 2.0861622568313365e-07 0.0 -2.0861622568313365e-07 -0.9999999999999563 2.0861626953694312e-07 0.0
2.0861626953694312e-07 2.0861622568313365e-07 0.9999999999999563 0.0 -0.9999999999999563 2.0861626953694312e-07 2.0861622568313365e-07 0.0 -2.0861622568313365e-07 -0.9999999999999563 2.0861626953694312e-07 0.0
0.0794713171634317 -0.3262175631210736 0.9419481998813193 0.04617157578468323 -0.9968368222666684 -0.026777014503958974 0.07482874626469221 -0.08787098526954651 0.0008121093523270617 -0.944915389336846 -0.32731368360152124 -0.1776280403137207
0.04592748018605197 -0.3279657337232039 0.9435725430867307 0.036701738834381104 -0.9989389248095951 -0.011845361042281954 0.044505189832511394 -0.11719170212745667 -0.0034192197954635573 -0.9446153528951233 -0.3281617650044134 -0.1842617392539978
0.0250833642160454 -0.3461379964844471 0.9378482351795188 0.016657203435897827 -0.9991370102435158 0.022388418926316156 0.03498561789690591 -0.19371813535690308 -0.033106790863110636 -0.9379164387554536 -0.3452777060730007 -0.19269123673439026
2.0861626953694312e-07 2.0861622568313365e-07 0.9999999999999563 0.0 -0.9999999999999563 2.0861626953694312e-07 2.0861622568313365e-07 0.0 -2.0861622568313365e-07 -0.9999999999999563 2.0861626953694312e-07 0.0
2.0861626953694312e-07 2.0861622568313365e-07 0.9999999999999563 0.0 -0.9999999999999563 2.0861626953694312e-07 2.0861622568313365e-07 0.0 -2.0861622568313365e-07 -0.9999999999999563 2.0861626953694312e-07 0.0
2.0861626953694312e-07 2.0861622568313365e-07 0.9999999999999563 0.0 -0.9999999999999563 2.0861626953694312e-07 2.0861622568313365e-07 0.0 -2.0861622568313365e-07 -0.9999999999999563 2.0861626953694312e-07 0.0
2.0861626953694312e-07 2.0861622568313365e-07 0.9999999999999563 0.0 -0.9999999999999563 2.0861626953694312e-07 2.0861622568313365e-07 0.0 -2.0861622568313365e-07 -0.9999999999999563 2.0861626953694312e-07 0.0
2.0861626953694312e-07 2.0861622568313365e-07 0.9999999999999563 0.0 -0.9999999999999563 2.0861626953694312e-07 2.0861622568313365e-07 0.0 -2.0861622568313365e-07 -0.9999999999999563 2.0861626953694312e-07 0.0
2.0861626953694312e-07 2.0861622568313365e-07 0.9999999999999563 0.0 -0.9999999999999563 2.0861626953694312e-07 2.0861622568313365e-07 0.0 -2.0861622568313365e-07 -0.9999999999999563 2.0861626953694312e-07 0.0
2.0861626953694312e-07 2.0861622568313365e-07 0.9999999999999563 0.0 -0.9999999999999563 2.0861626953694312e-07 2.0861622568313365e-07 0.0 -2.0861622568313365e-07 -0.9999999999999563 2.0861626953694312e-07 0.0
2.0861626953694312e-07 2.0861622568313365e-07 0.9999999999999563 0.0 -0.9999999999999563 2.0861626953694312e-07 2.0861622568313365e-07 0.0 -2.0861622568313365e-07 -0.9999999999999563 2.0861626953694312e-07 0.0
2.0861626953694312e-07 2.0861622568313365e-07 0.9999999999999563 0.0 -0.9999999999999563 2.0861626953694312e-07 2.0861622568313365e-07 0.0 -2.0861622568313365e-07 -0.9999999999999563 2.0861626953694312e-07 0.0
2.0861626953694312e-07 2.0861622568313365e-07 0.9999999999999563 0.0 -0.9999999999999563 2.0861626953694312e-07 2.0861622568313365e-07 0.0 -2.0861622568313365e-07 -0.9999999999999563 2.0861626953694312e-07 0.0
-0.06134481627790961 -0.3467741796288844 0.9359404264474016 0.0036799460649490356 -0.9979909015268953 0.006426928357152251 -0.06303058829986641 -0.11069497466087341 0.015842158481871982 -0.9379266298248529 -0.3464717348933808 -0.1698324978351593
-0.027849977897306255 -0.33963697998798403 0.9401441913641551 0.06631237268447876 -0.9993442795827495 -0.01231038266022566 -0.034050922806791895 -0.12362650036811829 0.023138487339384117 -0.9404760370702703 -0.33907142920075783 -0.14488285779953003
0.007410090551948911 -0.3322764010272498 0.9431529482954448 0.12534448504447937 -0.9993439899990699 -0.03589702959032376 -0.004795093255633542 -0.1297592967748642 0.035449685622734595 -0.9424986984537271 -0.3323244246249132 -0.12204524129629135
0.04991849354395261 -0.320758490663799 0.9458446673050414 0.17243285477161407 -0.9977204299744871 -0.059073492876232536 0.0326230907629369 -0.12501893937587738 0.045410214862159015 -0.9453170436982947 -0.322976158995814 -0.10656695067882538
0.3253797287320836 -0.3380902989273041 0.8830758641823941 0.37216147780418396 -0.9317631291541717 0.0444469358688791 0.360335872542125 -0.6362099051475525 -0.16107607916466798 -0.9400635189513069 -0.3005579429291859 -0.07970117032527924
0.1832652656309458 -0.26282925828704606 0.947277479623315 0.15362334251403809 -0.9809999648011486 -0.11129634103222086 0.15890938780633634 -0.04921332001686096 0.06366248089231125 -0.958401745334972 -0.27823224663132645 -0.11952490359544754
2.0861626953694312e-07 2.0861622568313365e-07 0.9999999999999563 0.0 -0.9999999999999563 2.0861626953694312e-07 2.0861622568313365e-07 0.0 -2.0861622568313365e-07 -0.9999999999999563 2.0861626953694312e-07 0.0
0.1739319086581752 -0.35018607727751394 0.9203898100432835 0.029519394040107727 -0.9819411958898768 -0.1323119594851081 0.13522216235355028 -0.04282093048095703 0.07442566066138018 -0.9272881195497968 -0.36687540715741496 -0.18861328065395355
0.1609175006113266 -0.36119725308063055 0.9184999196320107 0.022825390100479126 -0.9836359887371621 -0.1350957652824264 0.11920308663713564 -0.056027576327323914 0.08102962210246811 -0.9226514393690404 -0.37702589005553533 -0.20795103907585144
0.15827347530611707 -0.34630371387704134 0.9246746696917203 0.04808581620454788 -0.9836651663078273 -0.1366248879118906 0.11720273288476518 -0.07270088791847229 0.08574583142706288 -0.9281203465919878 -0.36227099612700175 -0.22194893658161163
0.16483940574078199 -0.3326084852188082 0.9285470186670548 0.06408892571926117 -0.9825656701840975 -0.13744279970933243 0.1251965677793752 -0.07825878262519836 0.08598066114366198 -0.9329957515275782 -0.3494656686153714 -0.2236681580543518
0.17309394796733762 -0.315787439227773 0.9329077009024239 0.08016161620616913 -0.981429782669127 -0.13480684840510498 0.13646499665889938 -0.08296109735965729 0.08266841517236745 -0.9392046671780592 -0.33325744745442754 -0.22427164018154144
0.19712481988259806 -0.2757524121538655 0.9407988162075769 0.11855791509151459 -0.9772298496029481 -0.13211460243697387 0.1660347941484549 -0.0911635160446167 0.07850876658853267 -0.9521062645599204 -0.2955165554660217 -0.22876475751399994
0.20807399623536804 -0.2522263983629711 0.9450328333235243 0.13787099719047546 -0.9751412352199644 -0.128752671665621 0.18033946022057112 -0.09496882557868958 0.07618912956797824 -0.9590644365775475 -0.2727464445741965 -0.2328452318906784
0.21644776744070532 -0.21060094470411106 0.953308767430401 0.17210648953914642 -0.9739445790925143 -0.11428267243283025 0.19588626199383125 -0.10248607397079468 0.06769284176513563 -0.9708690503210753 -0.22984987775157495 -0.24296626448631287
0.21744539277154057 -0.1761796455774463 0.960040745826257 0.20623311400413513 -0.9736094936083339 -0.10897905998512841 0.20051962108602056 -0.10880932211875916 0.06929686225330817 -0.9783068521527196 -0.19522717001709278 -0.25829795002937317
0.2311082541196285 -0.0819482899082094 0.9694707074785176 0.25090163946151733 -0.9703791069677727 -0.0914963320865268 0.22359071978760642 -0.11251387000083923 0.07038013667367454 -0.9924277802418835 -0.10066646594553136 -0.27687907218933105
0.22394742184309752 -0.026027435467135374 0.9742536245007425 0.2661705017089844 -0.9721570607881871 -0.07671781254164295 0.22141595786776164 -0.11197075247764587 0.06897971737766712 -0.996713072976285 -0.042483511491727466 -0.27982860803604126
0.2182549065329365 -0.006959341577339684 0.9758669803508616 0.270232230424881 -0.9735161090725297 -0.07128481339672638 0.21722076501862336 -0.11187583208084106 0.06805278209288257 -0.9974317234496823 -0.022333291419198598 -0.2815439999103546
0.2034302352247872 0.01058816036600091 0.9790321906129806 0.28571969270706177 -0.9760532892353995 -0.07649394677219623 0.203638534369039 -0.11394679546356201 0.07704619373561278 -0.9970138248626628 -0.005226572832953136 -0.2882722020149231
0.19589046900787288 0.006062526694008308 0.9806070415421053 0.28633102774620056 -0.9780274068385609 -0.07153965661855854 0.195817437945498 -0.1134641170501709 0.07133943947435961 -0.9974193317261217 -0.00808461962624113 -0.2912577986717224
0.17803317285910047 -0.011327277841499173 0.9839592888623101 0.2981504499912262 -0.9816927677118623 -0.0708406273787292 0.17680756583023044 -0.11321592330932617 0.06770154491549624 -0.9974233295292874 -0.023731888394426914 -0.3030538260936737
0.1764976747842873 -0.008440822313228069 0.9842648644112095 0.2982451915740967 -0.9820170296475836 -0.06959223992169733 0.17549778809095673 -0.11486810445785522 0.06701585094496115 -0.997539810063417 -0.020571899785029324 -0.30553939938545227
0.17980118526101546 0.025562309428942664 0.9833707856731319 0.30206549167633057 -0.9814108463284287 -0.06354141507092564 0.1810945589455994 -0.118904709815979 0.06711396641274436 -0.9976517713648598 0.013662305987853451 -0.3050967752933502
0.17984664494293418 0.037367702394853486 0.9829846586394416 0.30062445998191833 -0.9815942320726814 -0.058449670450333835 0.18181418972646196 -0.11942234635353088 0.06424910788806926 -0.9975907431617319 0.0261679440080842 -0.3053217828273773
0.18098065168928823 0.042068029055629896 0.9825865278159959 0.3014681041240692 -0.9814258027888207 -0.05691901142740141 0.1832037656775804 -0.11968708038330078 0.06363487514279476 -0.9974921087755539 0.030985409406023956 -0.3060967028141022
0.17647626673869726 0.03874472308615462 0.9835420548766328 0.2982195019721985 -0.9825896123243674 -0.052030253959113704 0.17835500112191893 -0.11985987424850464 0.05808425802419925 -0.9978936311581147 0.02888805746066886 -0.3071221709251404
0.1798644039497217 0.04418009145398216 0.9826987919555661 0.2978280186653137 -0.9824639764138429 -0.04182163766049429 0.18170163915742232 -0.12167733907699585 0.0491256678418846 -0.9981478197854824 0.03588312439820057 -0.3074777126312256
0.17976148686700877 0.044615443768279195 0.9826979546212162 0.2975780665874481 -0.9824544501716078 -0.04231796616005057 0.18163822031191795 -0.12170243263244629 0.04968964859370817 -0.9981075352472981 0.03622550075840847 -0.3073623776435852
0.18004782723570073 0.044627508303114904 0.9826449844223288 0.29729509353637695 -0.9824030252801013 -0.04228470926309319 0.18192388321229486 -0.12154531478881836 0.04966966708372639 -0.9981084053674687 0.036228929139579535 -0.30740779638290405
0.1806935873840479 0.044711483169953326 0.9825226260758714 0.297493577003479 -0.9823640800598148 -0.040618620876306355 0.18251285392087063 -0.12124153971672058 0.048069134447351725 -0.9981738380216394 0.03658343071162862 -0.3073614239692688
0.18068488833209828 0.04509223894975123 0.982506824971163 0.29710161685943604 -0.9824022979878948 -0.039781822680315826 0.1824914559433818 -0.1211499273777008 0.047314860630889966 -0.998190410979153 0.037110744977014776 -0.30717211961746216
0.18120130102666954 0.04476816493329244 0.9824265366503224 0.29754430055618286 -0.9823201103238905 -0.03954876616409431 0.1829838679997689 -0.12129831314086914 0.04704560935413021 -0.9982142588159133 0.03681038083333665 -0.30710569024086
0.18092622432314975 0.04481656869092249 0.9824750259029191 0.29718565940856934 -0.9823518562462701 -0.03995075765086065 0.18272593546793003 -0.12118613719940186 0.04743977109638192 -0.9981960790014628 0.036797499703496606 -0.3071686923503876
0.1809262946897751 0.04483040481797812 0.982474381698416 0.2975819706916809 -0.9823467095857845 -0.04005608051346271 0.1827305463787628 -0.12127220630645752 0.047545957302496555 -0.998191236796715 0.03679180243524344 -0.3071555197238922
0.18104811416863148 0.04480942238692076 0.9824528976095153 0.29715728759765625 -0.9823389236830248 -0.039746621326061715 0.1828399439685946 -0.12099504470825195 0.04724213557046736 -0.9982045490572125 0.03682198892276778 -0.30726176500320435
0.18058003187985489 0.04490362796042302 0.9825347404963667 0.29684656858444214 -0.9824103755532071 -0.04005660664425409 0.18238783476305148 -0.12087985873222351 0.047546883091084347 -0.998187924421118 0.03688036670348249 -0.3073505461215973
0.18048524578718583 0.04471247558843078 0.9825608737273701 0.2977713942527771 -0.9823996076528065 -0.04068383485096161 0.18230698413783097 -0.12119212746620178 0.048125740895604174 -0.9981711376856043 0.03658268654261909 -0.3072868585586548
0.18058861576526036 0.04484510413643217 0.9825358357286413 0.29768162965774536 -0.9823940611651458 -0.04037553287893808 0.18240538624775765 -0.12116304039955139 0.047850396481523505 -0.9981777061123607 0.03676420238257122 -0.3072851598262787
