2.0861626953694312e-07 2.0861622568313365e-07 0.9999999999999563 0.0 -0.9999999999999563 2.0861626953694312e-07 2.0861622568313365e-07 0.0 -2.0861622568313365e-07 -0.9999999999999563 2.0861626953694312e-07 0.0
-7.587345664883394e-05 -2.2720226577066516e-05 0.9999999968635049 -1.058630004990846e-05 -0.9999999561599937 -0.00028622061928440523 -7.587995655788937e-05 -0.00016149046132341027 0.0002862223423965027 -0.9999999587807733 -2.269850903324766e-05 -2.6690613594837487e-06
5.721776686118396e-06 2.098090703239741e-05 0.9999999997635316 -6.012317317072302e-05 -0.9999999996551809 -2.5629935692106365e-05 5.722314425082864e-06 -5.679819150827825e-05 2.5630055745240465e-05 -0.9999999994514542 2.0980760376210217e-05 -3.8213838706724346e-06
6.458125220742961e-05 2.1274811263793936e-06 0.9999999979123677 3.6969504435546696e-05 -0.9999999343169992 -0.00035664430665960367 6.458200685421911e-05 -0.0001638153480598703 0.0003566444433122373 -0.999999936400154 2.104448450890306e-06 -7.575347262900323e-05
0.00010604304300310119 -5.249878827140453e-05 0.999999992999375 8.690686081536114e-05 -0.9999999647791741 -0.00024330892510038282 0.00010603026658656534 -0.00015746484859846532 0.00024330335693667493 -0.9999999690223216 -5.252458764104517e-05 -5.7312779972562566e-05
-3.748264310854399e-05 -3.8215091601623286e-05 0.999999998567329 -0.0002507617755327374 -0.999999896127032 -0.00045424627140544516 -3.749999833191353e-05 -0.0001632117055123672 0.0004542477038206316 -0.9999998960999603 -3.819806128108061e-05 -0.00010416770237497985
9.060757908296857e-06 -2.0265197602620244e-05 0.999999999753612 5.1629613153636456e-05 -0.9999999964223729 -8.410224291455215e-05 9.059053529325567e-06 -0.00014954248035792261 8.410205931047576e-05 -0.999999996258067 -2.0265959559950808e-05 -6.428488995879889e-05
4.1371802138756575e-05 6.937611897311902e-05 0.999999996737664 5.5251686717383564e-05 -0.9999999832742568 0.00017815971118911866 4.1359441552479836e-05 -0.00014065403956919909 -0.00017815684125038755 -0.9999999817230356 6.938348860097143e-05 -6.455459515564144e-05
6.21612917661718e-05 7.790833910714667e-05 0.9999999950331323 -8.026488649193197e-05 -0.9999999847703249 -0.00016307588508490678 6.217399609981245e-05 -0.00019550480647012591 0.0001630807281475244 -0.9999999836682731 7.789820091280708e-05 -0.0001318861759500578
1.0851287355007067e-05 -3.8980533913934856e-05 0.9999999991813838 0.0001659520494285971 -0.9999999861039078 -0.0001663567688274803 1.0844802537546272e-05 -0.00016453186981379986 0.0001663563459549655 -0.9999999854029717 -3.898233855748057e-05 -6.610227865166962e-05
4.0892010104820464e-05 5.1257417551020534e-05 0.9999999978502604 4.079824429936707e-05 -0.9999999912405368 0.00012588604960739325 4.0885557240799564e-05 -0.00015746435383334756 -0.00012588395364876437 -0.9999999907626899 5.126256483556357e-05 -7.317211566260085e-05
0.00011820926503025575 -5.9876499556077434e-05 0.9999999912206872 4.1500068618915975e-05 -0.9999998950040416 -0.0004427468178792582 0.00011818274352665137 -0.00016308455087710172 0.00044273973762326557 -0.999999900195025 -5.992883004524163e-05 -6.295192724792287e-05
0.0003383046130877032 -0.00020476205282371485 0.9999999218112423 -9.774738282430917e-05 -0.9999996523312419 -0.0007622289838574714 0.0003381484463377271 -0.00026013184105977416 0.0007621596842895539 -0.9999996885396906 -0.00020501984721593702 -5.285136285237968e-05
-0.00030823926950585 -6.860272278608193e-05 0.9999999501411083 -0.00012761748803313822 -0.9999999364785164 -0.0001789523683906058 -0.00030825154191477244 -0.00015734226326458156 0.00017897350636331133 -0.9999999816348579 -6.854755828100689e-05 -1.4513585483655334e-05
0.00032508399230768426 6.30425734682305e-06 0.999999947140326 4.4194821384735405e-05 -0.9999999435379667 8.51164572897023e-05 0.00032508345454068666 -0.000148194536450319 -8.511440338093701e-05 -0.9999999963577226 6.3319269884565266e-06 2.7817513910122216e-06
8.010803246366605e-05 -2.032756764008825e-05 0.9999999965847466 -5.939496622886509e-05 -0.9999999950184975 5.954422231563283e-05 8.010924272733311e-05 -0.0001426892267772928 -5.954585053835615e-05 -0.9999999980206378 -2.032279756841726e-05 -4.167161387158558e-05
0.0001993176275350561 -3.1771097067312404e-05 0.9999999796315402 8.469189197057858e-05 -0.9999999799687637 1.8295458574735246e-05 0.00019931820886903706 -2.147456689272076e-05 -1.8301790760233416e-05 -0.9999999993279367 -3.176744982347213e-05 -2.4108041543513536e-05
2.6585004955559377e-05 -3.778840669033112e-05 0.9999999989326369 1.387947122566402e-05 -0.9999999971564576 -7.057240157803957e-05 2.658233808955357e-05 6.608045077882707e-05 7.057139699867543e-05 -0.999999996795786 -3.779028275036067e-05 -4.6337427193066105e-05
0.0003773673359470098 -0.0001609874822184887 0.9999999158384587 8.048665040405467e-05 -0.9999998045295356 -0.0004985934117755497 0.000377287026637918 -6.18705089436844e-05 0.0004985326313244887 -0.9999998627438109 -0.0001611756036178913 4.306254049879499e-05
0.0004387867941616497 -8.308062956896567e-05 0.9999999002818742 -2.402602694928646e-05 -0.9999998886990326 -0.00017343794716639938 0.0004387723797441012 -0.00011590414214879274 0.00017340147638583714 -0.9999999815084437 -8.31567226029506e-05 1.1043375707231462e-05
0.00010494077097350507 -9.664155629302007e-05 0.9999999898239222 1.3376411516219378e-06 -0.9999999846134056 -0.0001405826262664278 0.00010492718430293868 -0.0002878289087675512 0.000140572484509216 -0.9999999854484674 -9.665630765548494e-05 1.356814755126834e-05
-0.0001875809723543842 -0.0001422193656855919 0.9999999722935151 3.213660966139287e-05 -0.9999999223875827 -0.00034643862954675253 -0.0001876302332764479 -0.0001596184156369418 0.00034646530460086256 -0.9999999298769615 -0.0001421543693526095 2.3010317818261683e-05
-0.0002309062526683059 -0.00010854463906506684 0.9999999674501814 -3.560922050382942e-05 -0.9999999725551046 -3.9624559071027576e-05 -0.000230910554880559 -0.00013462796050589532 3.964962188413024e-05 -0.9999999933239778 -0.0001085354865276722 -6.760931864846498e-05
-1.530051709353053e-05 -0.00011664862717442048 0.999999993079496 6.304241833277047e-05 -0.9999999529155141 -0.000306486163492381 -1.53362676694746e-05 -0.00016408319061156362 0.0003064879503258955 -0.9999999462296633 -0.00011664393228538739 -4.398386226966977e-05
-0.00016813400045856408 -0.00017751119487685596 0.9999999701103665 8.710383553989232e-05 -0.9999998817250956 -0.0004563480157394606 -0.00016821499248181881 -0.00013974760076962411 0.00045637786214347553 -0.9999998801181251 -0.00017743444626439064 -4.824054485652596e-05
-7.756770561406778e-05 -0.0001493434418753936 0.9999999858398936 -5.01226750202477e-05 -0.9999999916283719 -0.00010355726903465978 -7.758317166212114e-05 -0.0001490176364313811 0.00010356885410595096 -0.9999999834862141 -0.00014933540792549937 -6.294732156675309e-05
-0.00013536363030763887 -0.00010872433104180956 0.9999999849278536 -7.29688981664367e-05 -0.999999855127355 -0.00052096700833415 -0.00013542025452772943 -0.00010111898882314563 0.0005209817239585912 -0.9999998583861881 -0.00010865379530516917 -2.275831502629444e-05
7.576684864363248e-05 -9.041240506341142e-05 0.9999999930424908 -6.028963252902031e-05 -0.9999999757414686 -0.00020683152711675756 7.574814719685241e-05 -0.0001552469184389338 0.00020682467710558816 -0.9999999745231578 -9.042807384312956e-05 -5.4894066124688834e-05
3.525224579403741e-05 3.43064790229719e-05 0.9999999987901724 9.629715350456536e-06 -0.9999999735317842 -0.00022736129956968387 3.526004486931189e-05 -9.837522520683706e-05 0.00022736250894245247 -0.9999999735649522 3.429846311836515e-05 -5.193167817196809e-05
0.00018328117654353715 -5.9971778110123886e-05 0.9999999814056979 -1.3601267710328102e-05 -0.9999999778253369 0.00010370658868552596 0.00018328739535589111 -0.00013475165178533643 -0.00010371757882826627 -0.9999999928241646 -5.9952769314752796e-05 -6.404876330634579e-05
5.716690398993585e-05 -6.752693734046744e-05 0.999999996086029 7.641274714842439e-05 -0.9999999823044141 -0.00017923308980305475 5.7154800140402084e-05 -0.00011181444278918207 0.00017922922961288723 -0.999999981657806 -6.753718234636663e-05 -6.235789624042809e-05
-7.133533436609607e-05 -4.9428739360923846e-05 0.9999999962340347 -8.491548942402005e-05 -0.9999998905971281 -0.0004622918366056217 -7.135817733339156e-05 -0.00017300379113294184 0.0004622953620094794 -0.9999998919215228 -4.939575621043524e-05 -5.348045669961721e-05
-6.306367055053386e-05 2.4671310840940208e-05 0.9999999977071499 -4.7541107051074505e-05 -0.9999999853860562 -0.0001589067503796615 -6.305974933579206e-05 -0.00015143974451348186 0.0001589051942487707 -0.9999999870699854 2.468133172339737e-05 -9.771070472197607e-05
3.917282801924049e-05 -6.645176242597861e-05 0.9999999970248263 -5.902355769649148e-05 -0.9999999275835341 -0.00037855037484113563 3.914766995927188e-05 -0.0002893776400014758 0.0003785477722832997 -0.9999999261418857 -6.646658650244497e-05 -8.566402539145201e-05
1.359720838134404e-05 -6.484831042818939e-05 0.9999999978049064 -2.2463282220996916e-05 -0.9999999742165502 -0.00022667689481514763 1.3582508447129715e-05 -0.0001639640686335042 0.0002266760135146706 -0.9999999722061408 -6.485139092926584e-05 -5.0016089517157525e-05
0.0001846996612938634 -7.51551949235707e-05 0.9999999801188659 -4.073312447872013e-05 -0.9999999067006755 -0.00039050674900653615 0.00018467029912211386 -0.00020896208297926933 0.0003904928623104653 -0.9999999209280848 -7.522731437609176e-05 -5.768770643044263e-05
-0.0002434633682725229 -0.00028872910530503004 0.9999999286805434 -0.00026339758187532425 -0.9999996746635003 -0.0007689540657374039 -0.00024368532586399594 -0.0001531495654489845 0.0007690243699421395 -0.9999996626725172 -0.0002885417992239403 -4.644560976885259e-05
0.0001306518862422279 4.810498303109423e-05 0.9999999903079975 -6.642824155278504e-05 -0.9999999895546091 -6.18068703138186e-05 0.00013065485936220034 -9.740939276525751e-05 6.181315486464278e-05 -0.9999999969329105 4.809690734441929e-05 -2.4243840016424656e-05
-9.772222184067925e-06 -0.00012516998302825044 0.9999999921184897 0.00013588044384960085 -0.9999999988492052 -4.696784809482546e-05 -9.77810121449707e-06 -1.9592558601289056e-05 4.6969071649194394e-05 -0.9999999910632484 -0.00012516952390406733 5.017363582737744e-05
9.143354087876032e-05 2.9797417447352537e-06 0.9999999958155142 -8.34838065202348e-05 -0.9999999957624013 1.0728972283435834e-05 9.14335089042817e-05 -3.698613727465272e-05 -1.0728699790241158e-05 -0.999999999938005 2.980722720036244e-06 -1.98437919607386e-06
-1.2254183922588702e-05 -0.00017407917996897782 0.9999999847731368 -0.00015304022235795856 -0.9999998062200028 -0.0006224203760292202 -1.2362532164855722e-05 -0.0001858774630818516 0.0006224225186112209 -0.9999997911446354 -0.0001740715189820219 -8.414697367697954e-05
-2.217168114893031e-05 -1.073140844731757e-05 0.9999999996966268 -8.556379907531664e-05 -0.9999999728188663 -0.00023210035081522307 -2.2174171316613478e-05 -9.42964106798172e-05 0.00023210058870481998 -0.9999999730071316 -1.0726262100690942e-05 -3.3842428820207715e-05
-6.12427849072672e-05 -1.713986042994886e-05 0.9999999979777732 4.2043047869810835e-05 -0.9999999914975598 -0.00011512584442330276 -6.124475775126648e-05 -5.527363464352675e-05 0.00011512689391718345 -0.9999999932261325 -1.713280965676134e-05 -2.5210138119291514e-06
-0.00021386164733661062 4.521233902210486e-06 0.999999977121377 3.1102506909519434e-05 -0.9999999738073204 -8.15396373756716e-05 -0.00021386127796801935 -0.00014109097537584603 8.153866859333947e-05 -0.9999999966654229 4.538671984910536e-06 -5.066729863756336e-05
5.475483625372313e-05 -4.394849730587902e-05 0.9999999975352187 -4.656743840314448e-05 -0.9999999327386349 -0.0003626656574610143 5.4738894095018864e-05 -0.0002738148905336857 0.0003626632508751393 -0.999999933271073 -4.396835204845129e-05 2.3349333787336946e-05
8.699510144888345e-05 8.63351912745447e-05 0.9999999924890434 4.8908066673902795e-05 -0.9999999950085428 4.914778550618726e-05 8.699085848457022e-05 -8.363481902051717e-05 -4.914027476454752e-05 -0.9999999950653649 8.633946646025015e-05 3.3461423299741e-05
-6.20522779695154e-05 2.854226056919762e-05 0.9999999976674272 4.906342292088084e-05 -0.9999999617511968 -0.00026953306816013267 -6.20445826576832e-05 -6.965437933104113e-05 0.0002695312966387031 -0.9999999632686317 2.8558984618287653e-05 7.3378050728933886e-06
-3.3158645998732084e-05 -8.30039958830131e-05 0.9999999960054203 1.1961950804106891e-05 -0.9999999621313345 -0.00027319650306811827 -3.3181321277109266e-05 -7.959403592394665e-05 0.0002731992561592067 -0.9999999592370028 -8.29949339135605e-05 4.0516584704164416e-05
6.669653435809053e-05 1.0675860102726809e-05 0.9999999977187992 -5.17161242896691e-06 -0.9999999780186765 -0.00019878112640536738 6.669865520375629e-05 -0.00010728457709774375 0.00019878183801730342 -0.9999999801860449 1.0662601855726539e-05 2.4093718820950016e-05
-8.39475968570369e-05 -3.080090832846549e-05 0.9999999960020525 0.00010472505528014153 -0.9999999316823283 -0.0003599809420926636 -8.395867919769318e-05 -5.560699355555698e-05 0.000359983526657226 -0.9999999347325106 -3.077068668910776e-05 6.200284406077117e-05
-0.00011846193099274149 -0.00011345982398697219 0.9999999865468197 0.00012163353676442057 -0.9999999921677556 -4.037542321544407e-05 -0.00011846651264679764 -4.5227854570839554e-05 4.0388863861762214e-05 -0.9999999927483469 -0.00011345504014792507 8.21072535472922e-05
-0.00015387359850471682 -6.373698613365564e-05 0.999999986130256 -4.621504194801673e-05 -0.9999999794114534 0.00013229740603737383 -0.00015386516523296923 -0.00010888370161410421 -0.00013228759730044004 -0.9999999892174963 -6.375734189933979e-05 0.00010831000690814108
-6.353839763462155e-05 -1.180252561988615e-05 0.9999999979117862 6.182689685374498e-05 -0.9999999976590603 -2.5391202198243867e-05 -6.353869729891493e-05 -5.484833673108369e-05 2.5391952062303602e-05 -0.9999999996079936 -1.1800912275927722e-05 6.004466922604479e-05
1.543130879805288e-05 0.00042074504006373026 0.9999999113677391 0.0005531298229470849 -0.9999998558378611 0.0005367430023555664 1.5205475965118787e-05 5.2491646783892065e-05 -0.0005367365571543048 -0.9999997674402533 0.0004207532620551513 0.00016972998855635524
-4.986989597099978e-05 0.00041623581055022507 0.9999999121303679 -0.00017631611262913793 -0.9999997776311067 0.0006649985316313778 -5.01466854906929e-05 -0.00021839435794390738 -0.0006650193460443488 -0.999999692262304 0.00041620255458485467 0.00032406047102995217
-0.0004144205039924298 0.00016090019107600773 0.9999999011833821 0.00032189200283028185 -0.9999999054710669 0.00013151411249745504 -0.0004144416664174644 3.362724237376824e-05 -0.00013158078324482236 -0.9999999784075829 0.00016084567372176561 0.000197742716409266
5.8334629916334535e-05 0.0008032161250567382 0.9999996757204109 -8.054397767409682e-05 -0.999999848123906 0.0005480879510851855 5.789440675019186e-05 -0.00015169935068115592 -0.0005480412716302174 -0.9999995272216151 0.0008032479755754052 0.0003527755325194448
0.00037773369282290137 0.0037899143692801673 0.9999927469068617 -2.1274900063872337e-06 -0.999999693387563 0.0006873873682855525 0.00037513115860204893 -0.00012357579544186592 -0.0006859606676325458 -0.9999925819963265 0.00379017285661426 0.0007083607488311827
0.0016368355611845464 0.004270211138753921 0.9999895429784136 0.0004896043101325631 -0.9999980216543204 0.001137227188428902 0.0016319931885387384 -3.6170240491628647e-07 -0.001130246340927732 -0.999990235957908 0.004272064144703214 0.0009136638254858553
0.002307359044719237 0.02453529232228191 0.9996963016461041 0.003578875446692109 -0.9999971516577788 0.0006669790937190445 0.00229168392616963 0.0012834586668759584 -0.0006105493982270227 -0.9996987419065547 0.02453676139761768 0.005451531149446964
-0.0010561747839237245 0.04376491121807857 0.999041298966614 0.009307414293289185 -0.9999931314727087 0.0035030502384734152 -0.0012106388529571355 0.0018265293911099434 -0.003552675362506419 -0.9990357156704159 0.043760910784262974 0.01086631789803505
-0.0002577545041154705 0.06200052729704064 0.9980760833611355 0.014948382042348385 -0.9999789922266159 0.006448338208035143 -0.0006588169672804289 0.0024952441453933716 -0.006476779142227274 -0.998055285817997 0.06199756271579637 0.020447997376322746
0.0006274398696558547 0.07146008129418696 0.9974432630985273 0.015938250347971916 -0.999981938818153 0.006006876217608537 0.00019868465891492715 0.003352345898747444 -0.005977320193642388 -0.9974253727570471 0.07146255959429498 0.027946367859840393
0.0019510881831935611 0.0755039325852257 0.9971435951853009 0.011886393651366234 -0.9999798890419861 0.006164563347915375 0.0014898558007853668 0.0016695484519004822 -0.006034464887543833 -0.9971264485123716 0.07551444173551008 0.0377468541264534
0.00432334674252377 0.06635787196928578 0.9977865210056969 0.006978034973144531 -0.9999821887351356 0.004392572963017094 0.004040732019400917 -0.0005695521831512451 -0.004114715717027151 -0.9977862186513065 0.06637568066766297 0.07878800481557846
0.00755888189047127 0.06242858479546631 0.9980208089539022 0.003715015947818756 -0.9999690374388724 0.0026557252697625433 0.007407515566414835 -0.0002915188670158386 -0.002188028368426187 -0.9980459002088666 0.062446726160241106 0.13030409812927246
0.011092557762617417 0.05465863397425286 0.9984434830747064 0.007951915264129639 -0.9999363556494806 -0.0014497884801696337 0.011188510347585445 0.004541501402854919 0.002059080551668091 -0.998504046985004 0.054639073398533466 0.1749562919139862
0.014994104251684903 0.03151073732766052 0.9993909396581284 0.016007505357265472 -0.9998861277689243 -0.001232200388696758 0.015040384884323632 0.008387252688407898 0.0017053835217035185 -0.9995026538810536 0.031488673388611055 0.20051023364067078
0.015332870232004525 0.009966971089993504 0.9998327673054828 0.036652542650699615 -0.9998787280088095 -0.0025735819720002495 0.015359230166860083 0.012016966938972473 0.002726236587990094 -0.999947016677946 0.009926301977155105 0.21592546999454498
0.01697583084388693 -0.00029310249667335864 0.9998558572404755 0.0647367313504219 -0.9998438026096391 -0.004924175607822934 0.016974182680777494 0.010106444358825684 0.004918490648239682 -0.9999878332187397 -0.00037664868699233134 0.24311545491218567
0.01743235833685597 0.023297082007449732 0.9995765897882731 0.09301838278770447 -0.9998299606154818 -0.005606649813497788 0.017567450967999554 0.01182730495929718 0.006013546246576462 -0.999712864500506 0.023195383457345897 0.2595994174480438
0.0184453883816168 0.03243747980280376 0.9993035462518353 0.10567596554756165 -0.9997944175421476 -0.007818234920214384 0.018708229587272807 0.01560993492603302 0.008419637700583515 -0.999443187533326 0.032286600846417324 0.28121402859687805
0.029939520367606942 0.04379115534585931 0.998591988668862 0.1364581435918808 -0.9994564350743443 -0.012482090370454668 0.030512813840530284 0.022380977869033813 0.013800706816706643 -0.9989627281002323 0.04339364421088282 0.29087376594543457
0.05496278983131109 0.044684387302416584 0.9974880436703826 0.17701230943202972 -0.9981600302507132 -0.023159764087919643 0.05603730308720689 0.025091856718063354 0.025605580326458155 -0.9987326623570493 0.04332924413540756 0.3222775161266327
0.08652121115446243 0.048330965724870556 0.995076980827346 0.21520181000232697 -0.9951792022584871 -0.04210466091512133 0.08857512586151856 0.03838203847408295 0.04617830023426717 -0.9979435431332395 0.04445502565683468 0.34349119663238525
0.1260333250453758 0.05602652555355597 0.9904426431714275 0.247867614030838 -0.9890072395645138 -0.07073315131626268 0.12985184401405897 0.039688244462013245 0.07733227700635364 -0.9959206041343194 0.04649590512878671 0.37169963121414185
0.17058091379957702 0.06379957417876075 0.9832760376323173 0.28731536865234375 -0.9786822692852584 -0.10486924064135211 0.176588386237497 0.06432971358299255 0.1143816752542055 -0.9924374321345981 0.04455082113863312 0.3939438462257385
0.2195549871525963 0.07314661682317974 0.9728541412070704 0.33307570219039917 -0.9650889133218641 -0.129701066823195 0.2275544388671612 0.08863139152526855 0.14282505732415013 -0.9888514578602027 0.04211647288300868 0.411346971988678
0.2617660222557368 0.08081785485000215 0.9617416617417867 0.3659474551677704 -0.951676142539866 -0.14419954910121396 0.27114389124493915 0.10579346120357513 0.16059598162111605 -0.986242852636434 0.03916588197270121 0.439433217048645
0.30724910461972893 0.08940727228189044 0.9474198263565561 0.45759129524230957 -0.9342439235350821 -0.16109264015270847 0.3181783346276204 0.1693398654460907 0.1810698181590482 -0.9828812242340079 0.03403263140145474 0.47164708375930786
0.3303371234581858 0.08768112624863278 0.9397815730078679 0.5454266667366028 -0.9264147661433124 -0.16044298691315206 0.3406078816205197 0.1560285985469818 0.18064624528897089 -0.983142954025587 0.028228815292879406 0.5017795562744141
0.31666355066014196 0.09215629799547675 0.9440505348884034 0.5602400302886963 -0.9304201410868688 -0.16341808121255186 0.3280440394104111 0.26899710297584534 0.1845062512306918 -0.9822432221565984 0.033995525944160776 0.5074570178985596
0.3186350024570041 0.10040739538578736 0.9425444764896069 0.6140140295028687 -0.9287688451774212 -0.1655847226276143 0.33161744806348126 0.33909183740615845 0.18936780992825714 -0.981070871336102 0.04049417215843812 0.5583568811416626
0.3251542178672341 0.1023991260709749 0.9401006082239537 0.6302444934844971 -0.9268974563598906 -0.1625408423147754 0.33829215180545885 0.3682323098182678 0.18744556542290292 -0.9813739825160963 0.04206264903432025 0.5777941942214966
0.359525589396079 0.10338290553945656 0.9273906002389833 0.65248042345047 -0.9142038263647609 -0.16015248751412453 0.37226676537540665 0.45151978731155396 0.18700993136577493 -0.981663463507356 0.03693413035811405 0.6585386991500854
0.37340611959626613 0.10511874733244753 0.9216929634142361 0.6629600524902344 -0.9080409826310185 -0.16187919593088118 0.3863375464373947 0.48498159646987915 0.18981423474163767 -0.981195788252288 0.03500544822478327 0.6812695264816284
0.38866072071293095 0.10469819516140794 0.9154130936931417 0.6737555265426636 -0.9007771351561675 -0.16575560471131828 0.40140457432200805 0.5192812085151672 0.19376118536681292 -0.9805933751748115 0.029887047504205844 0.7023183107376099
0.4242615316639177 0.1073724510844058 0.8991514385787933 0.6955732107162476 -0.8819234661175728 -0.17629596478849902 0.43718500970465446 0.5778306722640991 0.20545839642456376 -0.9784635351138126 0.019898688178562052 0.7437455654144287
0.4627926963519157 0.1125118928560549 0.87929744351344 0.7118732929229736 -0.8584510922628894 -0.19051653576722932 0.47619866840627156 0.6385686993598938 0.221098716405084 -0.975215116559009 0.00841629602750324 0.784030556678772
0.505529868233871 0.11977115173616543 0.8544556299394588 0.7328386306762695 -0.8298334888944043 -0.20367517296208693 0.5195120832359961 0.7040004730224609 0.23625395876637806 -0.9716847714823242 -0.0035737706359114663 0.8086357712745667
0.5632304173467707 0.14395229258871484 0.8136640796015489 0.7754260897636414 -0.7814493138199967 -0.22721333125388143 0.5811291354172243 0.8029955625534058 0.26853019738129835 -0.9631468421580207 -0.015482039122607164 0.8468016386032104
0.5871542133065989 0.2270711477413997 0.7769740173646172 0.8513002395629883 -0.7359022725105729 -0.25009374051422084 0.6292066165174841 0.9333668351173401 0.337191006864186 -0.9412182609889215 0.020258580179947958 0.8672760725021362
0.5912811552086592 0.23592534615003324 0.7711846902909187 0.8471969366073608 -0.7246225973694564 -0.26431642276098954 0.6364423933400224 1.0159878730773926 0.35398967057903796 -0.9351342468880178 0.014671517321787106 0.9134798049926758
0.6138580109442409 0.20953918827405044 0.7610989889475824 0.8650075197219849 -0.716800516604841 -0.2559622417217237 0.6485987590242694 1.1287176609039307 0.33071946086466275 -0.9437036925805904 -0.006926674176327752 0.9427139759063721
0.6231058271596591 0.18786023560584658 0.7592415031054301 0.8510300517082214 -0.7160528801611201 -0.25350647004020166 0.6503866099949485 1.2047628164291382 0.3146544151488132 -0.9489167516309702 -0.023443495931412164 0.9743869304656982
0.6279133987925121 0.17333409129131494 0.758735827816935 0.844524621963501 -0.7166327631233109 -0.2515026130131005 0.6505258783982624 1.284600853919983 0.30358235527626454 -0.9522088680766403 -0.033704971756690474 1.0031129121780396
0.6291597746915647 0.1677513120696555 0.7589581511578675 0.8365259170532227 -0.7174736290452515 -0.250249293084507 0.6500822124434268 1.3255223035812378 0.2989808848985104 -0.9535380373166101 -0.03708964620605339 1.0172338485717773
0.628475801053267 0.16337813339123541 0.7604773192015987 0.8250049352645874 -0.7201262513881862 -0.2473294228729907 0.6482640963703852 1.4088151454925537 0.29400059447568017 -0.9550579784028344 -0.03778767440631556 1.0454503297805786
0.6278938510476152 0.16071854740637415 0.76152403792407 0.8188043236732483 -0.7225889076346274 -0.24314387682770588 0.6471061162781492 1.488007664680481 0.2891618619043516 -0.9565827740874172 -0.03653510557299934 1.0718317031860352
0.6267412463399353 0.15794262240756574 0.7630527754770868 0.8109917640686035 -0.7241062764046665 -0.24370495017790866 0.6451960924634864 1.5734760761260986 0.28786370144155565 -0.9569023070751811 -0.038372700016583675 1.084862232208252
0.6307031342908627 0.15866583637571952 0.7596306396946318 0.8187080025672913 -0.7203768348454382 -0.24429089650677727 0.6491372533617088 1.6062759160995483 0.28856675521229114 -0.956633216155026 -0.039775841099104176 1.0901806354522705
0.6415437631171788 0.16272604172163302 0.7496277978777591 0.8154829740524292 -0.708098441301092 -0.25017606298924294 0.6603094236296845 1.6880443096160889 0.29498846999910533 -0.9544276676903345 -0.04527283638977443 1.0922763347625732
0.6846244503158233 0.18972068328584624 0.7037722816105424 0.8204555511474609 -0.6496170307351021 -0.2790949060043635 0.7071801374623904 1.864817500114441 0.3305859576701139 -0.9413352727779659 -0.06782940966399768 1.1039834022521973
0.7090868167379368 0.21170366444998479 0.6725901016123473 0.8023105263710022 -0.6096661744721299 -0.2951627405414048 0.7356535273487146 1.9511866569519043 0.3542640851582023 -0.9316976521675557 -0.08022744488319664 1.1157753467559814
0.7492695698306664 0.23518379194153322 0.6190991000912291 0.7781143188476562 -0.5479241480343517 -0.3049366169016574 0.778969054374692 2.0951919555664062 0.3719868811216303 -0.922877155249047 -0.09961684894047076 1.1347687244415283
0.7780854888894015 0.2881666043100384 0.5581603534291583 0.9754492044448853 -0.47283886517424056 -0.31627438486960924 0.822431712092917 2.296124219894409 0.41352917619011775 -0.903842088882661 -0.1098321392113917 1.065953254699707
2.0861626953694312e-07 2.0861622568313365e-07 0.9999999999999563 0.0 -0.9999999999999563 2.0861626953694312e-07 2.0861622568313365e-07 0.0 -2.0861622568313365e-07 -0.9999999999999563 2.0861626953694312e-07 0.0
2.0861626953694312e-07 2.0861622568313365e-07 0.9999999999999563 0.0 -0.9999999999999563 2.0861626953694312e-07 2.0861622568313365e-07 0.0 -2.0861622568313365e-07 -0.9999999999999563 2.0861626953694312e-07 0.0
2.0861626953694312e-07 2.0861622568313365e-07 0.9999999999999563 0.0 -0.9999999999999563 2.0861626953694312e-07 2.0861622568313365e-07 0.0 -2.0861622568313365e-07 -0.9999999999999563 2.0861626953694312e-07 0.0
2.0861626953694312e-07 2.0861622568313365e-07 0.9999999999999563 0.0 -0.9999999999999563 2.0861626953694312e-07 2.0861622568313365e-07 0.0 -2.0861622568313365e-07 -0.9999999999999563 2.0861626953694312e-07 0.0
2.0861626953694312e-07 2.0861622568313365e-07 0.9999999999999563 0.0 -0.9999999999999563 2.0861626953694312e-07 2.0861622568313365e-07 0.0 -2.0861622568313365e-07 -0.9999999999999563 2.0861626953694312e-07 0.0
2.0861626953694312e-07 2.0861622568313365e-07 0.9999999999999563 0.0 -0.9999999999999563 2.0861626953694312e-07 2.0861622568313365e-07 0.0 -2.0861622568313365e-07 -0.9999999999999563 2.0861626953694312e-07 0.0
2.0861626953694312e-07 2.0861622568313365e-07 0.9999999999999563 0.0 -0.9999999999999563 2.0861626953694312e-07 2.0861622568313365e-07 0.0 -2.0861622568313365e-07 -0.9999999999999563 2.0861626953694312e-07 0.0
2.0861626953694312e-07 2.0861622568313365e-07 0.9999999999999563 0.0 -0.9999999999999563 2.0861626953694312e-07 2.0861622568313365e-07 0.0 -2.0861622568313365e-07 -0.9999999999999563 2.0861626953694312e-07 0.0
2.0861626953694312e-07 2.0861622568313365e-07 0.9999999999999563 0.0 -0.9999999999999563 2.0861626953694312e-07 2.0861622568313365e-07 0.0 -2.0861622568313365e-07 -0.9999999999999563 2.0861626953694312e-07 0.0
0.8096078668384435 0.24685310715989245 0.5325398064359242 0.7082927227020264 -0.4597682443075746 -0.29731199580567813 0.8367907376855788 3.22698974609375 0.3648948663377376 -0.9223172559567296 -0.12721091102894208 1.3110902309417725
0.8095825722591976 0.2493242455239801 0.5314258925645976 0.7187839150428772 -0.4572513738449192 -0.2998527263263395 0.8372631149355594 3.320221424102783 0.3680994971622686 -0.9208288457192031 -0.12875168767952336 1.3101725578308105
0.8106283667488285 0.2546288763153471 0.5273004706697221 0.740092396736145 -0.45568891179098164 -0.29120408586305846 0.8411586033842914 3.4705803394317627 0.36773532151926563 -0.9221520025044919 -0.1200267369550558 1.2903766632080078
0.8155930579985431 0.25544768990688604 0.5191863263471221 0.7475842237472534 -0.4464857078198494 -0.29289460432102266 0.845495868394541 3.5609376430511475 0.36804684003152793 -0.9213898352385197 -0.12482906337043466 1.2776670455932617
0.8265842930566724 0.2590361462388736 0.49965856483574267 0.7490503787994385 -0.4236903504530031 -0.29798057207045103 0.8553911769486393 3.64886212348938 0.370465778993165 -0.9187534237271062 -0.13655494492953288 1.2658226490020752
0.8330228037402594 0.2627308816135255 0.486873178862111 0.742783784866333 -0.4084529210487839 -0.3015008636504645 0.8615471203043628 3.6930606365203857 0.3731477183843328 -0.916553169796823 -0.14384389872345288 1.2687785625457764
0.8398250299551815 0.2669012117538681 0.4727130865811685 0.7401077747344971 -0.39072129185029075 -0.3073390530616356 0.8676863365053163 3.7339470386505127 0.3768697270352428 -0.9134037714108115 -0.15382704319100593 1.2670612335205078
0.8623637923408625 0.2916313380762523 0.4138597012410611 0.750934898853302 -0.3199757893570321 -0.3195482737356379 0.8919105308145644 3.871791124343872 0.39235721464607975 -0.9015764323696734 -0.18225189357244437 1.2806124687194824
0.8742355329243674 0.3132401712877317 0.3709350725721144 0.7471848726272583 -0.2660101678586105 -0.3300904039196132 0.9056925062271524 3.9615700244903564 0.4061413837178885 -0.8904610717666546 -0.20525168963957335 1.2977643013000488
0.879009762418389 0.3366130757139337 0.33768842863144255 0.7302749156951904 -0.22220981854375715 -0.33741231500850494 0.9147544622593282 4.042766571044922 0.42185854752027707 -0.8791157869922526 -0.22178998837881542 1.3159708976745605
0.8814584023704617 0.3449539001555736 0.322549053103511 0.7308246493339539 -0.2032924669771955 -0.3393172129308971 0.9184421603340807 4.086949348449707 0.42626665100713534 -0.8751403520443255 -0.22896747905083453 1.3256239891052246
0.8872679623788402 0.3520677712944096 0.29799974387889744 0.7238763570785522 -0.17503415441680925 -0.34074575711386124 0.9237182329024876 4.180276870727539 0.4267535679097408 -0.8717457275058416 -0.2407089089577233 1.338353157043457
0.8972094503073962 0.3482680104770684 0.2715227341447576 0.7148215174674988 -0.14850486962056664 -0.3410985104089623 0.9282230927399756 4.366931915283203 0.41588640994636816 -0.8731329790330516 -0.25431731153578546 1.3374881744384766
0.8977796186927433 0.3489791976000217 0.2687103941092669 0.7173717021942139 -0.1453620673627981 -0.34113749488610323 0.9287061316449067 4.411508083343506 0.4157663113239526 -0.8728337351553722 -0.2555379524508938 1.3359613418579102
0.8991581656889898 0.3547145868780178 0.2563048086376229 0.7142757773399353 -0.1299487875273731 -0.34284328181892004 0.9303611109304808 4.558862686157227 0.41788503885037204 -0.8698482890525163 -0.26217560591602207 1.3347845077514648
0.8986539288854073 0.37144853462478744 0.23333902850556187 0.6907527446746826 -0.10029236694133192 -0.3438654410370242 0.933647684939945 4.750969886779785 0.4270392923749834 -0.8624282837346603 -0.271762576861426 1.350874900817871
0.8933320937075044 0.3879750269444979 0.22678877577954037 0.6594348549842834 -0.08651483019111234 -0.34673862388517757 0.9339633348602164 4.953686714172363 0.4409908780339674 -0.8539600138025375 -0.2761871472701091 1.3731789588928223
0.8885151826304791 0.398001392641063 0.22833234919936474 0.650772750377655 -0.08339474570779415 -0.34926168605810504 0.9333068043468783 5.055361747741699 0.4512051491544158 -0.8482989839128797 -0.27713308584309687 1.3787016868591309
0.8845003777387326 0.4057090991020653 0.23034584581847745 0.6332602500915527 -0.08188816690820039 -0.35106055521118834 0.9327651444469965 5.212481498718262 0.4592966469510244 -0.8438937216738861 -0.27729041927001974 1.378328800201416
0.8913288959617459 0.3925017761327583 0.2268813675828077 0.6068440675735474 -0.08339856312989727 -0.3499495709275185 0.9330487540721089 5.367700099945068 0.44562033042881194 -0.8505748959029278 -0.2791860805417072 1.3587560653686523
0.8980100983665125 0.378733817650723 0.22391640984857614 0.5835828185081482 -0.08577121803852028 -0.3484698972139211 0.9333873948644839 5.473355770111084 0.43153349972853233 -0.8573968894878429 -0.28044502582256037 1.3387370109558105
0.9004213030067038 0.37148072925410597 0.2263703710394699 0.5533479452133179 -0.09031772233179003 -0.34939127178863194 0.9326137722716299 5.692299842834473 0.42553987606863275 -0.8601905643465055 -0.28104805084670614 1.2969927787780762
0.8937823870283813 0.38462254643799215 0.23069144199428676 0.5354267358779907 -0.09150374278566886 -0.34716320455252436 0.9333299386931915 5.852072715759277 0.43906731795256976 -0.8553029908613536 -0.2750939550945465 1.2523727416992188
0.8958222456585867 0.3818558713726468 0.22735126496556687 0.5008175373077393 -0.08775338890936829 -0.3495155175199752 0.9328120098646163 6.0267014503479 0.43566253788698417 -0.8555845934277805 -0.2795946290093777 1.2068181037902832
0.8994902003616291 0.3844933535957955 0.20756261824821653 0.44755297899246216 -0.06494998830865481 -0.3521010715230266 0.933705700127745 6.200977325439453 0.43208665620694875 -0.8533403169152359 -0.2917386245509891 1.183652400970459
0.9021886227001489 0.390211242034888 0.18382294650015427 0.4071471691131592 -0.037242947568365464 -0.354104946686931 0.9344638300053493 6.313638687133789 0.42973090641333733 -0.8499087441139997 -0.3049368373150998 1.1777215003967285
0.9030823743617606 0.4012888691495424 0.15300153141000322 0.3662504553794861 -0.001037206015089387 -0.3542198319958925 0.9351616089342439 6.428976535797119 0.42946612127245504 -0.8446866603169977 -0.3194734676960042 1.1714863777160645
0.9017599485817785 0.4211163730836046 0.09741660769447127 0.26909321546554565 0.062383998053202855 -0.3498187283488168 0.9347379815131698 6.674690246582031 0.42771162238205096 -0.8368320366819899 -0.34172344148739164 1.1693134307861328
0.9001168616621857 0.42926710603187646 0.07429257722299937 0.1979570984840393 0.08898624922190004 -0.34810392103593246 0.9332229677889564 6.858282089233398 0.4264634601004352 -0.8333987112051634 -0.3515330786152812 1.1592917442321777
0.8994292198715564 0.4322813634219066 0.06449729668242449 0.15625888109207153 0.10024451015179522 -0.3476671937149796 0.9322438310864692 6.980767250061035 0.42541522848350155 -0.8320218418121296 -0.35603586634197665 1.150212287902832
0.8983995861716267 0.43540876770439 0.057422892410556564 0.0628509521484375 0.10916923678492801 -0.34804980156796983 0.9310979612093954 7.229353427886963 0.4253942422112059 -0.8302292096973226 -0.3602210405555351 1.1522445678710938
0.9002891896878589 0.43182579316880704 0.05482571737158873 0.005190014839172363 0.10963654448420818 -0.3468399715700552 0.9314944241566054 7.361711502075195 0.42125906879821695 -0.83260345812122 -0.3596001647383454 1.1655778884887695
0.9017464638888454 0.4290158724258789 0.052902703812047674 -0.07359182834625244 0.10878852929710822 -0.3436827791919326 0.9327632085263021 7.551820755004883 0.41835196994556567 -0.8353607175906536 -0.35658673664214324 1.181260108947754
0.9076355002875944 0.41668895629462255 0.05067654605225563 -0.1966949701309204 0.10431034716194196 -0.3408387287032767 0.9343170299694264 7.8091654777526855 0.40659211759777564 -0.8427332168118408 -0.35282229973362556 1.2159919738769531
0.9089794353527106 0.41387221074091773 0.04966064117883204 -0.2528311014175415 0.10239670075820059 -0.33718514655156573 0.9358531362445897 7.943009376525879 0.40406843700009887 -0.8455861695424212 -0.3488735130371359 1.2308855056762695
0.9073064173535507 0.41744584613308644 0.05033915548850676 -0.32855165004730225 0.10095787416136295 -0.3325027641906026 0.9376830058449532 8.141780853271484 0.4081697841265114 -0.845683674521295 -0.3438263369410159 1.2522783279418945
0.9089483114067922 0.41345746307236353 0.053534039829871205 -0.4142836928367615 0.09893498192098474 -0.33865238346071047 0.9356956944053308 8.344877243041992 0.4049997982012281 -0.8452026321576057 -0.34872291873465877 1.2768678665161133
0.9096069475091402 0.4118537637837506 0.05469623661882786 -0.47304725646972656 0.09829401449106187 -0.34123820696208546 0.9348233912480648 8.479879379272461 0.40367497786998785 -0.8449455386984772 -0.3508754036338332 1.3027172088623047
0.9113512447142592 0.40819370995498405 0.05307357073870886 -0.6231893301010132 0.09992754491567293 -0.34447203139020044 0.9334631783616507 8.82568645477295 0.39931615860730774 -0.8454093178709916 -0.3547248098625304 1.397721290588379
0.9095595670738904 0.41218022526275616 0.05299864004576463 -0.7136476039886475 0.10099033668189955 -0.3429394173531822 0.9339130087552783 9.032297134399414 0.40311579706237455 -0.8440971614262207 -0.3535500477032396 1.4665441513061523
0.9165754297829747 0.3977496567284231 0.041045000798841214 -0.8376462459564209 0.1026665401219301 -0.33329910337389257 0.9372146441608515 9.373185157775879 0.3864570649600644 -0.8548139670493113 -0.3463293500121983 1.5610647201538086
0.9182199670795533 0.3947894508404375 0.03183365454247644 -0.9222608804702759 0.10253358745540184 -0.3145706502087716 0.9436801203113037 9.654958724975586 0.38256888987468574 -0.8632419102038182 -0.32932423076311007 1.6338272094726562
0.9193151338502099 0.39326997798026025 0.014085776278789791 -0.9917969703674316 0.10085935706137328 -0.27006711543788725 0.957544329653842 9.985888481140137 0.38037754240640564 -0.8788643112440422 -0.28794174350795093 1.6814861297607422
0.9278141096246791 0.3726074071111841 0.01801938254336638 -1.0280864238739014 0.089029399979147 -0.26807911954609087 0.9592743880677446 10.333708763122559 0.36226336265307996 -0.8884240574350029 -0.2819006034935187 1.7407846450805664
0.9371072818227061 0.3424657357451219 0.06743264932813833 -1.0452971458435059 0.03329050928938615 -0.280007679198028 0.9594203675039358 10.489295959472656 0.3474502616866372 -0.8968349454780887 -0.2737980938998677 1.7830867767333984
0.9426065857187393 0.30056816950477766 0.1454358966700041 -1.0602338314056396 -0.05811428612753067 -0.2812367417022208 0.9578771449745557 10.567699432373047 0.3288092977814775 -0.9113532084747745 -0.24762830027116456 1.8489084243774414
0.9322997156098174 0.2830886362355455 0.22511788980032787 -0.9929165840148926 -0.14764852903024833 -0.27030796599981854 0.9513850510662047 10.742938995361328 0.33017745554331457 -0.9202143378318663 -0.21021041910334168 1.9280261993408203
0.9206667828323 0.2873533939179918 0.2641982248105276 -0.8683698177337646 -0.1883770099896001 -0.26572714220778915 0.9454645355598799 10.936576843261719 0.3418870823775019 -0.9202266638703165 -0.19051537997103124 2.0605392456054688
