-0.0010892507389239081 0.00032570697676170823 0.9999993537236878 2.4796725483611226e-05 -0.9999966500647492 0.0023477078434351317 -0.001090012459277645 6.882770685479045e-05 -0.0023480613508299886 -0.9999971910874785 0.0003231486431611863 0.0005038885865360498
-0.0012734594369331331 0.0008596714714531606 0.9999988196323153 0.00016989384312182665 -0.9999981498177221 0.001440662515031721 -0.0012746970818763859 -1.9009312381967902e-05 -0.0014417566352363242 -0.9999985927272492 0.0008578352556289914 0.0005006010178476572
0.0009330099376777534 0.004041565162285321 0.999991397584747 -0.002053643809631467 -0.9999964021706711 0.0025187341019754506 0.0009228348914765983 -9.997864253818989e-05 -0.0025149827374309486 -0.9999886608004925 0.004043900625371077 0.001932536717504263
-0.0068418902150626515 0.0025070837921372657 0.9999734511821523 -0.0052125100046396255 -0.9999454233941554 -0.007912803621608178 -0.006821859858521795 -0.0013665435835719109 0.007895490571742547 -0.9999655504414665 0.002561085497685689 0.00433174567297101
-0.022020361371824837 -0.008918348106745466 0.9997177435416965 -0.009511470794677734 -0.9997085770040883 -0.009698243755089542 -0.022106676198103248 -0.0035687461495399475 0.009892661396973312 -0.9999131998004196 -0.008702190262862453 0.016580749303102493
-0.034668406646451766 -0.04381191161728376 0.9984380892078564 -0.014635746367275715 -0.9993987955771495 0.0011339631007062367 -0.03465200609819152 -0.00736764632165432 0.000385978677034271 -0.9990391536512097 -0.04382488439614318 0.027949074283242226
-0.049803912104973924 -0.04465689142203433 0.9977601577471213 -0.021384574472904205 -0.9987567817248383 0.00011415855593721602 -0.04984854989332904 -0.012676309794187546 0.002112178421352362 -0.9990023768822298 -0.044607058701192304 0.03342399746179581
-0.08543168726109951 -0.06139568050151645 0.994450600697429 -0.043302200734615326 -0.9963419799290293 0.007289280633216322 -0.08514414494815203 -0.013773337006568909 -0.0020213467845425215 -0.9980868884038132 -0.06179382941338629 0.12907423079013824
-0.1009072242127218 -0.061811998413834945 0.9929738208803753 -0.06126272305846214 -0.9948549385937311 -0.0027810129202613387 -0.1012715020269821 -0.007967561483383179 0.009021266948008033 -0.998083935758524 -0.06121334759206831 0.2048039734363556
-0.13850914296246675 -0.02219069920535449 0.9901125139016171 -0.05279669165611267 -0.9899619012883751 -0.02528278434312259 -0.1390547187741734 0.012208491563796997 0.02811852260180453 -0.9994340166737553 -0.0184660499851802 0.2774134576320648
-0.14334722851781778 0.00592636917834477 0.9896547126268951 -0.09006160497665405 -0.9890317833182908 -0.03683356691045203 -0.1430364286987566 0.005429327487945557 0.03560482639336621 -0.9993038409297819 0.0111413572100999 0.365151971578598
-0.1499420603710072 0.029630475714033544 0.9882506835012344 -0.09420350193977356 -0.9886160552578875 -0.017107228733807545 -0.1494845744930966 0.006306767463684082 0.012476931434857008 -0.9994145174220799 0.03185825713940793 0.38616514205932617
-0.12407572635787001 -0.1496794315767741 0.9809185908583957 -0.022110454738140106 -0.9922498066664375 0.025438494770218312 -0.12162731664491644 -0.03041534125804901 -0.006747984823941733 -0.9884072797924341 -0.15167568676006205 0.06710735708475113
-0.1281976661856355 -0.19121884811289735 0.973139615117447 -0.032980166375637054 -0.9917425517107101 0.021280319000764603 -0.12646683023447336 -0.0337614044547081 0.0034741201599448046 -0.9813167175533097 -0.19236795559425124 0.08597946166992188
-0.16806057388277262 -0.002828658960814967 0.9857726118099834 -0.09989526867866516 -0.9857591050710737 -0.005487396662007371 -0.1680740171690725 -0.017057418823242188 0.005884749414289903 -0.9999809434016016 -0.001866161293624824 0.4438508152961731
-0.15150761756303766 -0.22248062674990499 0.9630928369276464 -0.03161695972084999 -0.9884525524907898 0.031494328970382846 -0.1482216540089466 -0.030612781643867493 0.002644483846599266 -0.9744282826168763 -0.2246831741397437 0.13128194212913513
-0.14816793024501151 -0.21948201602850653 0.9642996987902526 -0.029635127633810043 -0.9889615361084725 0.03402637814662468 -0.1442126405284695 -0.032356470823287964 -0.001159545117730587 -0.9750229998468166 -0.22210088974345554 0.11764591187238693
-0.18511648376525314 -0.049760072205034034 0.9814559708171011 -0.13634711503982544 -0.9823698988186806 0.03589622374132029 -0.18346891566717255 -0.01223766803741455 -0.026101136629727517 -0.9981159232951164 -0.05552777981671342 1.0388712882995605
-0.18457978992144664 -0.06403648771564086 0.9807291315106321 -0.15656834840774536 -0.9821899142405272 0.04767483633002367 -0.1817418013146429 -0.0187605619430542 -0.03511799420155198 -0.9968081250782167 -0.07169580365202488 1.604761004447937
-0.23379429473271807 -0.24074068325712072 0.9420106958922099 0.4068847894668579 -0.9722172316804666 0.06941399883514943 -0.22355167453920738 0.5735458135604858 -0.011570746475517868 -0.9681041370589263 -0.25028083753134345 1.5332324504852295
-0.22533529167562083 -0.2588096563189889 0.9392771519213645 0.4225872755050659 -0.9738511743821555 0.08847512073023334 -0.20925114854228943 0.5642737150192261 -0.028946441576808868 -0.9618678260591824 -0.2719786548834723 1.4757080078125
-0.20459150587037134 0.011015526683674726 0.978785458564631 -0.09524010866880417 -0.9783598865539098 -0.03385768777734599 -0.20412150636469506 -0.036016762256622314 0.03089090655701554 -0.9993659565695907 0.01770414476422766 0.45487940311431885
-0.1351281023889332 -0.11186615140094802 0.9844929456910834 0.028465084731578827 -0.9907452241784978 0.028108677633823576 -0.1327923303853663 -0.04401279240846634 -0.012817827907429968 -0.9933256597976406 -0.1146291275170388 0.0595288947224617
-0.12165298103017497 -0.11388280368945808 0.9860178797721169 0.035293418914079666 -0.9925676108812915 0.017136897230508596 -0.12048180187362834 -0.04350758716464043 -0.0031764816821723274 -0.9933463815694602 -0.11512113701220783 0.0399358756840229
-0.10434145649292398 -0.10583905521745046 0.9888938036248444 0.03996201977133751 -0.9945377837142231 0.01383415683173933 -0.10345633315344116 -0.042954493314027786 -0.0027307914120591192 -0.9942870362704282 -0.10670441547954546 0.03166380524635315
-0.09442002762567381 -0.08887377474294755 0.9915575175178226 0.041794344782829285 -0.9955210592400827 0.0036645075834932372 -0.09446900017293824 -0.04118091240525246 0.004762246599147257 -0.996036155742908 -0.08882171727803168 0.022153722122311592
-0.09079053936741932 -0.08471565967739048 0.992260215350186 0.04437121003866196 -0.9958435497100243 0.000459743163404136 -0.09107915863226862 -0.041843004524707794 0.007259646156069166 -0.9964050610277169 -0.08440528357893484 0.014089701697230339
-0.09137860712043366 -0.06389701992538677 0.9937641173867086 0.04418478161096573 -0.9958153212670229 0.004520306054543122 -0.09127657291457064 -0.04386725649237633 0.0013401830416325256 -0.9979462599147451 -0.06404269069602653 0.011585591360926628
-0.09504705228986299 -0.052871975246669645 0.994067710009999 0.044945403933525085 -0.9954678097288584 0.008204053546600365 -0.09474456870466957 -0.045269519090652466 -0.00314605223055886 -0.998567597981689 -0.0534121205012732 0.011052640154957771
-0.11084140004173981 -0.022657509128090003 0.9935798011820176 0.042249832302331924 -0.9936682232910956 0.02101079902430336 -0.11037213573125138 -0.0476117767393589 -0.01837514784442512 -0.9995224777885042 -0.024842913219360496 0.010507022961974144
-0.12064499071168888 -0.004110955341199207 0.9926872046432147 0.03923051059246063 -0.9924756430703175 0.021554893362439542 -0.12053001486888493 -0.04945214092731476 -0.020901773329942863 -0.9997592143202866 -0.006680512955393181 0.011330053210258484
-0.12713752308595727 -0.006332246367786509 0.9918648864031359 0.037922121584415436 -0.9916027275486613 0.024670583266102053 -0.12694641798556572 -0.050593238323926926 -0.02366602927453898 -0.9996755798644119 -0.0094156296193455 0.009977268055081367
-0.12594942478125948 -0.004269429635816613 0.9920274766194004 0.03777175024151802 -0.9915307314085355 0.032474645293523174 -0.12574659472731187 -0.050947289913892746 -0.03167887418651216 -0.9994634407439048 -0.008323433584193407 0.00997278094291687
-0.12574325647047613 -0.004231984583392523 0.9920537907586897 0.037942662835121155 -0.9915390078909587 0.03302769324629529 -0.12553711526652922 -0.05117633938789368 -0.03223397714855092 -0.9994454771448589 -0.008349187497724064 0.009975995868444443
-0.12504825422997368 -0.0038743617520312634 0.9921430962492507 0.03855624049901962 -0.9915669963473235 0.034783808038647 -0.12483981117046472 -0.051154546439647675 -0.034026840417272886 -0.9993873503398694 -0.008191343715927779 0.01007615216076374
-0.12482759409702826 -0.003869779968748488 0.9921709008809627 0.039079971611499786 -0.9915920842144684 0.03486104656706457 -0.12461880257591762 -0.05111557990312576 -0.03410586863216003 -0.9993846768063048 -0.008188863755333897 0.010269822552800179
-0.12479745653722507 -0.0037983929863273924 0.9921749679630911 0.03933526575565338 -0.9915956289461487 0.03485911841493572 -0.1245911333852669 -0.051235005259513855 -0.034113098609351356 -0.9993850179355577 -0.008116799197575908 0.010144291445612907
-0.12494981232630908 -0.0038680267838311355 0.9921555234782595 0.03868649899959564 -0.9915784995160315 0.03480880806591946 -0.12474143729557258 -0.0508323609828949 -0.03405324796778347 -0.9993865044365113 -0.008184806229537989 0.010172346606850624
-0.12493107488470145 -0.0038311151918621333 0.9921580262662493 0.03868500143289566 -0.9915851531360478 0.034677799357659245 -0.12472503482408998 -0.05088993161916733 -0.033928020990231955 -0.9993912010759831 -0.008131211692592677 0.010212413966655731
-0.1247223166017487 -0.003817270866776301 0.992184343851798 0.03872613608837128 -0.991598238728579 0.0350607916961303 -0.12451374958622369 -0.05134957656264305 -0.034311465895141 -0.9993778911546776 -0.008158062230478103 0.010131465271115303
-0.12495350637125613 -0.003930599819913727 0.9921548123305073 0.037710465490818024 -0.9915720151801262 0.034992892678051835 -0.1247414773587599 -0.05038580670952797 -0.03422805803945189 -0.9993798316191287 -0.008269957422494034 0.009941466152668
-0.12482747258227889 -0.004036733725240382 0.9921702509496805 0.038459282368421555 -0.9915979121359395 0.034711266448212874 -0.1246142392714687 -0.05094283074140549 -0.03393645144039226 -0.9993892298611151 -0.008335736394657567 0.010209741070866585
-0.12484500456777292 -0.00396081311017521 0.9921683510342278 0.037841927260160446 -0.9915837398645599 0.03505243781984002 -0.12463151061869948 -0.05082227289676666 -0.03428427731024092 -0.9993776256062532 -0.008303599636421577 0.010251542553305626
-0.12476258682208674 -0.003825290382939106 0.9921792499760047 0.03805205971002579 -0.9915835240387784 0.03534203248528511 -0.12455141747345344 -0.05080295354127884 -0.03458918594443511 -0.9993679542057046 -0.00820245831480082 0.010165328159928322
-0.12481918005854264 -0.0038179727379276662 0.9921721601484721 0.03831517696380615 -0.991583549138173 0.03513446306812518 -0.124609929714526 -0.05086371675133705 -0.03438367880343324 -0.9993753011702295 -0.008171293829947524 0.010247284546494484
-0.124806988667989 -0.0038319370263372177 0.9921736399634163 0.03859512135386467 -0.9915855082038623 0.03512377487451923 -0.12459735293597723 -0.05088159814476967 -0.03437143435640844 -0.999375623425542 -0.008183385796407094 0.010141165927052498
-0.12482037111313626 -0.0037249736127220046 0.9921723638192931 0.03911735862493515 -0.9915885079794304 0.03497398420143061 -0.12461561407867461 -0.05114833265542984 -0.034236030703135856 -0.9993812810937889 -0.00805910671422927 0.010117040947079659
-0.12472948174891985 -0.003786347207538121 0.9921835616242942 0.038781650364398956 -0.9915845908727875 0.03542626170444463 -0.12451899102263292 -0.051260221749544144 -0.03467788237900615 -0.9993651202420823 -0.008173182809385837 0.010257735848426819
-0.12476219330970584 -0.003705705627168099 0.9921797533039848 0.03809177875518799 -0.9915785304822137 0.03547242052871813 -0.12455410578767473 -0.050828829407691956 -0.0347334565985743 -0.9993637851791701 -0.00810011512735398 0.010192995890974998
-0.1248876645213558 -0.003859913151677996 0.9921633798527654 0.038293492048978806 -0.9915804192945392 0.03498026739277127 -0.12467819763212806 -0.05084255710244179 -0.03422489330979772 -0.9993805491221008 -0.00819601820039717 0.010170834138989449
-0.12472375182968976 -0.003713775512621531 0.9921845562197427 0.03908548131585121 -0.9915875173549985 0.03535348243854908 -0.12451637123373577 -0.051180072128772736 -0.03461475343370585 -0.9993679698443956 -0.008091952410554937 0.010082844644784927
-0.124706095304564 -0.003720525456361423 0.992186750306724 0.03948691487312317 -0.9915869095899503 0.03543575020196521 -0.12449782462949066 -0.05130412429571152 -0.03469568451177307 -0.9993650310561965 -0.008108278381199097 0.010111453011631966
-0.12475803496991145 -0.003783766933126431 0.9921799815649591 0.03855130076408386 -0.9915799125318991 0.03545746552888274 -0.12454736127875116 -0.0508279949426651 -0.03470892930757252 -0.9993640233899079 -0.008175511008987613 0.010175410658121109
-0.12467481866321861 -0.0036870327713050544 0.9921908059343407 0.03893151879310608 -0.9915956139546558 0.03529358587025 -0.12446887635994874 -0.051157549023628235 -0.03455905058276948 -0.9993701859600187 -0.008056266942881196 0.010095907375216484
-0.12471491126642731 -0.003724484863908084 0.9921856273501979 0.03842140734195709 -0.9915738186454652 0.03577976218756207 -0.12450369791557053 -0.05083661526441574 -0.03503645365412006 -0.9993527589546647 -0.008155371545348178 0.010133467614650726
-0.12467423132549205 -0.0036781876955408466 0.9921909125660616 0.038363922387361526 -0.9915905972734403 0.035439367966641044 -0.12446741982152199 -0.050839636474847794 -0.03470480431150291 -0.9993650594919764 -0.008065632293807412 0.010112602263689041
-0.1248407422668546 -0.003755343499039665 0.9921696863266208 0.038635507225990295 -0.9915751068350618 0.03529285846920405 -0.12463234590630523 -0.05075988918542862 -0.03454846704699077 -0.9993699572912311 -0.008129691779277137 0.01012340933084488
-0.12480796237798952 -0.0036719235951973572 0.9921741225733338 0.03821300342679024 -0.9915808933639256 0.03523405892188869 -0.12460294140784833 -0.050754331052303314 -0.03450078901493536 -0.9993723420572532 -0.00803850037923659 0.01001032069325447
-0.12469258265825411 -0.0035553856977811327 0.9921890540932986 0.038564957678318024 -0.9915805779289595 0.035645480510580585 -0.12448838176006893 -0.05083116143941879 -0.034924451378444465 -0.9993581735052303 -0.00797017842992509 0.010117454454302788
-0.12480160142287833 -0.0036029520499874512 0.9921751755707309 0.038489699363708496 -0.991569180552814 0.035585945731183566 -0.124596150198304 -0.05081053078174591 -0.03485857799891012 -0.9993601248813877 -0.008013759227176509 0.010163580998778343
-0.12452728230219556 -0.003547762413124378 0.9922098413865331 0.03912990167737007 -0.9916006674329297 0.03566273299915057 -0.12432331165794924 -0.05122190713882446 -0.03494384508032222 -0.999357585079981 -0.007958946796600697 0.010131536051630974
-0.12461392006813843 -0.0035702391330696415 0.9921988834491722 0.038799088448286057 -0.9915852987475001 0.03579427626812348 -0.12440805879954758 -0.05118048936128616 -0.0350708744271076 -0.9993528021569629 -0.00800066171913738 0.010135581716895103
-0.12476076312480033 -0.0034916682673641897 0.9921807094663895 0.03847626596689224 -0.9915786592416265 0.03544701167355624 -0.12456031430593417 -0.05084475874900818 -0.03473491789389754 -0.9993654574859616 -0.007884659965956109 0.010074689984321594
-0.12475367755892419 -0.0035674629658292156 0.9921813307775507 0.038491398096084595 -0.9915823907872287 0.03537466199652195 -0.12455117650715208 -0.05083354935050011 -0.034653747505975385 -0.9993677533804157 -0.007950552633171903 0.010071102529764175
-0.12487430233682262 -0.0035390859653687823 0.9921662579862416 0.03777313977479935 -0.9915591679045177 0.03560314798616582 -0.12467089635506584 -0.05022621899843216 -0.034883021090384325 -0.9993597403958221 -0.007955131400730675 0.010168224573135376
-0.12464456721072803 -0.0035276044222715686 0.9921951863781089 0.0387587696313858 -0.9915792363159008 0.03585211027305979 -0.12443972153674715 -0.05117359384894371 -0.03513331712242779 -0.9993508804198894 -0.007966670067637405 0.010143034160137177
-0.12492210508429957 -0.0035852719652847975 0.9921600745274133 0.03778272867202759 -0.9915496850062352 0.035708370728492755 -0.12471621556137846 -0.05015242099761963 -0.03498127821196523 -0.9993558215594941 -0.008015740128373805 0.00994173064827919
-0.1245210965688397 -0.0034767845787122553 0.9922108689579484 0.03923047333955765 -0.9915874832647494 0.036050818348536295 -0.1243165376330968 -0.0512978695333004 -0.03533779197932463 -0.9993439100056567 -0.007936623503222662 0.010169578716158867
-0.12472205394264058 -0.0034296306066987636 0.9921857925279068 0.03873685002326965 -0.9915795559201698 0.035553036290641216 -0.12452295327237978 -0.05083528906106949 -0.03484814975702377 -0.9993619060402583 -0.007834999304026646 0.010117731988430023
-0.12468817065606974 -0.003359530927573018 0.9921902910482394 0.03891053423285484 -0.9915766852386428 0.035747906517833106 -0.12449001755457384 -0.050912193953990936 -0.03505049770814567 -0.9993551924773991 -0.0077885736096126035 0.010136231780052185
-0.1246899587839495 -0.0034481218707772543 0.9921897624114155 0.03875437006354332 -0.9915747827401508 0.03580683654657413 -0.12448823514834556 -0.05101829767227173 -0.03509792603958045 -0.999352781009835 -0.007883823668053624 0.010010629892349243
-0.1247922343351423 -0.003413610922789967 0.9921770232726168 0.03825113922357559 -0.9915744505815469 0.03544460868879373 -0.12459449694429353 -0.0508294515311718 -0.0347420092042216 -0.9993658123907212 -0.007808061288674173 0.01010504923760891
-0.12440371776900827 -0.0035078210100201734 0.9922254835454545 0.039007969200611115 -0.991625441059409 0.03539078979876298 -0.12420336807491389 -0.051250722259283066 -0.034679960337084814 -0.9993673934990983 -0.007881190381966552 0.010060779750347137
-0.1249811091030083 -0.0034671909131634426 0.9921530632692486 0.038024455308914185 -0.9915444690497004 0.03563053483156908 -0.12477992981470959 -0.050310567021369934 -0.034918308440264056 -0.9993590163573789 -0.007891017734269368 0.010002082213759422
-0.12489849891264027 -0.0035385129095458767 0.9921632143431633 0.03887290135025978 -0.9915390373604859 0.036089316232651436 -0.1246912131791994 -0.05103001743555069 -0.03536527052929278 -0.9993423038079837 -0.008016075108260523 0.010101715102791786
-0.12486507740120556 -0.0033836594318945035 0.9921679612315849 0.037840671837329865 -0.9915407195605856 0.03614092754934306 -0.12466288464955766 -0.05077042803168297 -0.03543605365819846 -0.9993409749453497 -0.007867775823648726 0.010115208104252815
-0.12481896621889943 -0.003272783308722438 0.992174135200802 0.03842839598655701 -0.9915507005261437 0.036008690254773934 -0.124621757780291 -0.05084279924631119 -0.03531903110447693 -0.9993461177767939 -0.007739698074931467 0.010019538924098015
-0.1245986494657142 -0.0031199860173702354 0.9922023192064064 0.038240015506744385 -0.9915825001847312 0.0358718724078817 -0.12440801460255968 -0.05042829364538193 -0.03520400373136784 -0.9993515269699669 -0.007563310391473954 0.010000843554735184
-0.12442629107415104 -0.0030875773715128285 0.9922240497768162 0.03784618899226189 -0.991600141257835 0.035979905782466015 -0.12423609071975322 -0.05095582455396652 -0.03531653928363526 -0.9993477439039224 -0.007538488387446307 0.010042542591691017
-0.12511500512575857 -0.0033673747624359818 0.9921365310679731 0.03931509703397751 -0.9915001144881622 0.036396579151140585 -0.12491121645415293 -0.0510098859667778 -0.035689752903920846 -0.9993317516287094 -0.007892510649535 0.010004768148064613
-0.12463262157692079 -0.003377760801391516 0.992197208407095 0.03868473321199417 -0.9915534597373825 0.03660080533068233 -0.12442715753392519 -0.05130613595247269 -0.035894931699207766 -0.9993242575766456 -0.007910884728974499 0.01015453040599823
-0.12461042179901194 -0.0031836957323717052 0.9922006384096699 0.03863491863012314 -0.9915842164544961 0.035789120296665256 -0.12441816807329359 -0.05146956443786621 -0.035113878415747535 -0.9993542930061765 -0.007616599814196601 0.010110680013895035
-0.12432694496335939 -0.003198387202599573 0.9922361518687878 0.03906169533729553 -0.9916196969973811 0.035791677212188344 -0.12413433195196605 -0.05098355561494827 -0.03511676640723305 -0.9993541545226301 -0.007621453631628139 0.010112136602401733
-0.12435892948889571 -0.0036250479512081046 0.992230676649199 0.0377381257712841 -0.9916416964090662 0.035097203078564676 -0.12415688574948724 -0.050102319568395615 -0.03437444689482405 -0.9993773288220087 -0.00795939930280487 0.009996682405471802
-0.1250038614774608 -0.00359821589817394 0.992149730362345 0.037653058767318726 -0.9915524579860668 0.035335084823736596 -0.1248004601044736 -0.05057940259575844 -0.03460863588055335 -0.9993690432582196 -0.007984841866799486 0.00983874499797821
-0.12497294471512488 -0.0035561189516382097 0.9921537769455057 0.037744320929050446 -0.991534876791583 0.03594433052602264 -0.12476615410012604 -0.05059513822197914 -0.03521862000605258 -0.9993474666606396 -0.008018084798219749 0.01002071425318718
-0.12487328737029812 -0.0034834552944238983 0.9921665826062409 0.037919703871011734 -0.9915494450262741 0.035877236143102675 -0.12466965145864373 -0.050763651728630066 -0.03516191362003168 -0.9993501335697833 -0.007934126582909595 0.009995577856898308
-0.12490099062081761 -0.0035363927361481418 0.992162908230475 0.03796539455652237 -0.9915346715961527 0.036203383874490846 -0.12469286274180114 -0.05081218481063843 -0.03547869169864942 -0.9993381854619845 -0.008028294520021184 0.010137837380170822
-0.124745639541882 -0.003490221192228027 0.9921826161404541 0.0379091240465641 -0.9915642759475414 0.03591217925873158 -0.12454156754078727 -0.050871990621089935 -0.035196762349888944 -0.999348854873471 -0.007940666418341458 0.010199544951319695
-0.12480023220764058 -0.0034621297504026094 0.9921758491812379 0.03830299526453018 -0.9915600188720979 0.03583483444248714 -0.1245977271656451 -0.050938017666339874 -0.035123083795191135 -0.9993517290214047 -0.007905105100191712 0.009995685890316963
-0.12454245590863089 -0.0034962411156814754 0.9922081197885387 0.038446612656116486 -0.9915961981487232 0.035729640246291994 -0.12433974676211984 -0.05088850483298302 -0.03501651743455081 -0.9993553767834198 -0.007916716543125757 0.01001843623816967
-0.12465914670950995 -0.0036934374364484546 0.9921927512643699 0.03809075430035591 -0.9915973797559299 0.03530017506466465 -0.1244529393046952 -0.050884366035461426 -0.0345649186724194 -0.9993699295857901 -0.008062892586532033 0.010150251910090446
-0.1244823939268358 -0.003566971283721243 0.99221540520096 0.038036420941352844 -0.9916098517357663 0.035563155686939574 -0.1242785737694066 -0.050913456827402115 -0.03484301282632424 -0.9993610652178959 -0.007964030621299578 0.010165058076381683
-0.1247387560120643 -0.0035181926980918377 0.9921833827819844 0.03817346692085266 -0.9915772050308528 0.035571452418123206 -0.12453641329373205 -0.05091337114572525 -0.03485526089078528 -0.9993609428494812 -0.007925698406512804 0.010098056867718697
-0.12455578024730674 -0.0034867557175390917 0.9922064805984443 0.0384293757379055 -0.9915906547471662 0.03583882845041797 -0.12435253030553028 -0.05100369453430176 -0.03512593094952737 -0.9993515001789249 -0.00792136762568918 0.01013004221022129
-0.12459455927481178 -0.0035466777115562564 0.9922013993521304 0.038253143429756165 -0.9915935810809565 0.035624088899980366 -0.12439089295077305 -0.05103683844208717 -0.03490509644965617 -0.999358967222117 -0.007955430509001826 0.010155126452445984
-0.12472083681520985 -0.0036134613670608107 0.9921852930582385 0.0383780263364315 -0.9915749936529463 0.035711062597554855 -0.12451406334351628 -0.05096918344497681 -0.034982064351228526 -0.999355623842235 -0.008036931542835912 0.010099835693836212
-0.12477889711080614 -0.0036527354453264604 0.9921778491578905 0.03872402757406235 -0.991579483940155 0.0353778882260154 -0.12457340026524005 -0.05118495225906372 -0.0346461233731426 -0.9993673311392735 -0.008036391402798326 0.010147076100111008
-0.12536889890494862 -0.0036666580517204506 0.9921034194105434 0.03768976032733917 -0.9915332509009451 0.03456161441252825 -0.12516911426946908 -0.05082269012928009 -0.03382974349835516 -0.9993958427109508 -0.00796856492124065 0.010068616829812527
-0.12509311102509024 -0.003559280297215861 0.9921386219162269 0.03819143399596214 -0.9915706810256751 0.03446901061992913 -0.12489784560656714 -0.050852254033088684 -0.03375349025423996 -0.999399429072605 -0.007841113760675311 0.010093418881297112
-0.12506106700759068 -0.0037382657643887374 0.9921420033886266 0.0382307805120945 -0.9915630723917526 0.03483450906295682 -0.12485683981012297 -0.05105425417423248 -0.034094031559069204 -0.999386102738785 -0.008063167158853024 0.010104535147547722
-0.12459497236639205 -0.003493161769407449 0.9922015373309351 0.03828265517950058 -0.9915807098640348 0.03598251225833182 -0.12439033176704656 -0.05121305584907532 -0.035267388428333546 -0.9993463146639567 -0.007946991947479276 0.010139301419258118
-0.12460133576262289 -0.003428728916219703 0.9922009629828976 0.038731686770915985 -0.9915826459655089 0.035896880869724535 -0.12439963892176326 -0.05131646618247032 -0.03519038712788469 -0.9993496173821472 -0.007872667397123001 0.010104497894644737
-0.1247916466868717 -0.0034761223864751556 0.9921768801430182 0.039337996393442154 -0.9915792425851093 0.0353164733848107 -0.12459274610506299 -0.05150703713297844 -0.034607088746667125 -0.9993701332743611 -0.007854051671977724 0.009924756363034248
-0.12495599275085723 -0.0036358873683168813 0.9921556229738826 0.038025278598070145 -0.991553471685654 0.035484088514164625 -0.12475011924020823 -0.05063948780298233 -0.03475216056268998 -0.9993636274076438 -0.008039126249859474 0.010027732700109482
-0.12486750725471396 -0.003538882114793862 0.9921671139205186 0.038878701627254486 -0.9915691183133979 0.035341541131722276 -0.12466619059562684 -0.05120091512799263 -0.03462353591394579 -0.9993690268283344 -0.007922056362039243 0.010059840977191925
-0.12490284896700266 -0.0036965815265729285 0.9921620903889361 0.038318101316690445 -0.9915732107292445 0.03511416593048078 -0.1246978873722554 -0.05104894936084747 -0.034377988364986845 -0.9993764709237575 -0.008051290576843395 0.010043786838650703
-0.12485640531142561 -0.0037280999597337217 0.9921678181252399 0.03843426704406738 -0.9915592710286079 0.03568830854517391 -0.12464572463747131 -0.05112886428833008 -0.03494409950084354 -0.9993560155939798 -0.008152545994990823 0.010108551010489464
-0.12480837352813934 -0.0035052531413884425 0.9921746736828526 0.0383482351899147 -0.9915629138883071 0.03572861148090489 -0.12460519300164019 -0.05123737454414368 -0.03501225069300584 -0.9993553819948443 -0.00793490890614168 0.010139675810933113
-0.12488698962604705 -0.003525694166364002 0.9921647087569627 0.038700688630342484 -0.9915644150847183 0.035404913368414115 -0.12468561603920375 -0.05151554197072983 -0.03468790221163903 -0.9993668303431029 -0.007917565922390457 0.010105861350893974
-0.1250500532977038 -0.003654177404495418 0.9921437048924606 0.03785458952188492 -0.9915487862455903 0.035280283858771355 -0.12484512832202 -0.05070231854915619 -0.034546905290323504 -0.9993707763179496 -0.008035096547051146 0.00998779945075512
-0.1248251656884114 -0.003579321688046422 0.9921722967645863 0.038022756576538086 -0.9915890050329101 0.03492358603625145 -0.1246257928207955 -0.05131886526942253 -0.03420413876570977 -0.9993835758079188 -0.007908558444751246 0.010020872578024864
-0.12457641094340699 -0.0034871332148894707 0.992203889197377 0.03838048130273819 -0.9916103917571941 0.03519796668547159 -0.12437818980975812 -0.05128350108861923 -0.03448983612027118 -0.9993742757561602 -0.007842713895507614 0.010101405903697014
-0.12468072935570085 -0.003567826149269593 0.9921904990191648 0.03821106627583504 -0.9915997237676442 0.035138057003844536 -0.12448013807000069 -0.05138958618044853 -0.034419522821537596 -0.9993760991571508 -0.007918893999448229 0.0100473053753376
-0.1248051728411137 -0.00349741864883113 0.9921751039483375 0.03809478133916855 -0.9915953638891859 0.03480069094805649 -0.12460957516583765 -0.05133283510804176 -0.03409256730685378 -0.9993881528076729 -0.007811330366522595 0.010049063712358475
-0.1250448250162255 -0.003505378087790556 0.9921449007383566 0.03751680254936218 -0.9915583433607924 0.03500316381442503 -0.12484722758067734 -0.05084175989031792 -0.034290573752308595 -0.9993810538765693 -0.00785275138377206 0.009972520172595978
-0.12491247030960428 -0.0035081699529871946 0.9921615632066851 0.038290806114673615 -0.9915811749414244 0.03482277099316844 -0.12471627047880135 -0.05138859897851944 -0.03411228903102792 -0.9993873460095131 -0.007828433631659526 0.010082263499498367
-0.12474485012711534 -0.0034452766846124194 0.9921828724763042 0.038299620151519775 -0.9915848091805497 0.03532151665615191 -0.1245470058390899 -0.051236044615507126 -0.03461630496076484 -0.999370061853804 -0.00782246132541975 0.010052641853690147
-0.12479940416969126 -0.003553066405733496 0.9921756318505341 0.038172606378793716 -0.991585366354514 0.035120557544467856 -0.12459938871980869 -0.051340825855731964 -0.03440305147039019 -0.999376766868673 -0.007906193309268117 0.010019076988101006
-0.12479524516093154 -0.0034027692172168833 0.9921766818197642 0.03796340897679329 -0.9915704196628135 0.03554816462021082 -0.12459707396984276 -0.05114182084798813 -0.03484608492980362 -0.9993621711640825 -0.0078103272195318985 0.010070303454995155
-0.12464347399711673 -0.0036791793196422895 0.9921947732322841 0.03862937167286873 -0.9916187733892363 0.03473206435367293 -0.12444232386032705 -0.05137360841035843 -0.03400312709084641 -0.9993898875540347 -0.007977468444155922 0.010037561878561974
-0.12460397261676304 -0.003479512704805232 0.9922004550490078 0.038204461336135864 -0.991629330906348 0.034541924489418396 -0.1244111150130719 -0.05147045478224754 -0.033839623141362296 -0.9993971925335313 -0.007754447868555836 0.010177992284297943
-0.12455528336851829 -0.003782543499676161 0.9922054594435876 0.03781658038496971 -0.9916275185231607 0.034812898495393485 -0.1243500165096394 -0.051332104951143265 -0.03407118859955155 -0.9993866891564156 -0.008087004661262776 0.010180129669606686
-0.12434050204097413 -0.0038213213756499997 0.9922322495540763 0.037638068199157715 -0.9916522945470703 0.03487982369869391 -0.12413349515049721 -0.050723254680633545 -0.034134531954152 -0.9993842081010146 -0.008126396900161481 0.010261674411594868
-0.12354909328483155 -0.0038456567508492467 0.9923310095289024 0.038371797651052475 -0.991758877018394 0.03465100870160298 -0.12334357482729003 -0.050786785781383514 -0.03391093339484802 -0.9993920744733351 -0.00809506492710832 0.010016040876507759
-0.12087087483184156 -0.005237526435727724 0.9926544212031799 0.03780125826597214 -0.9921128279452197 0.03408407569120819 -0.12062509030386154 -0.05102801322937012 -0.03320193132822313 -0.9994052451839099 -0.0093159892102187 0.009973358362913132
-0.11911853982941156 -0.006171719704892387 0.9928608579981353 0.03768622875213623 -0.992337068532992 0.03380645989154185 -0.11884555391326046 -0.05119641497731209 -0.032831629326870504 -0.9994093421343859 -0.010151402378842267 0.009791526012122631
-0.11769455130943207 -0.0067526573056325145 0.993026884938864 0.037668511271476746 -0.9925041654966946 0.03394564800606381 -0.11740176511943157 -0.051237791776657104 -0.03291616720976476 -0.9994008678206964 -0.010697258314993574 0.009776023216545582
-0.11591486933093165 -0.00800401895553754 0.9932269019456494 0.036748237907886505 -0.9927681642518942 0.032371355943553226 -0.11560046436887744 -0.050702277570962906 -0.031226833267517906 -0.9994438608520917 -0.011698456699388404 0.009530553594231606
-0.11485762293001134 -0.00813968712911195 0.9933486155163792 0.03685544431209564 -0.9929061048447043 0.031888462225506786 -0.11454515676801597 -0.050579749047756195 -0.030743998064406752 -0.9994582890097676 -0.011744578012136242 0.00957656279206276
-0.1135164443930482 -0.008506300796623123 0.9934997029184847 0.03702462464570999 -0.9930479605487956 0.0323139110526538 -0.11318815840165858 -0.0512472465634346 -0.031141048508965374 -0.999441571078189 -0.012115324945031536 0.009639300405979156
-0.11157280799367297 -0.00921865103690922 0.9937135024691304 0.036979712545871735 -0.9933040411833554 0.03119808107580868 -0.11123741055059772 -0.05135360732674599 -0.029976495546042203 -0.9994707080301286 -0.012637780838863133 0.009507060050964355
-0.11002560687015817 -0.01041309773644844 0.9938742039254189 0.036772679537534714 -0.9935036293296409 0.030395398344328473 -0.10966612178937224 -0.051437076181173325 -0.029067238287895647 -0.9994837102999834 -0.013689722542620797 0.009633788838982582
-0.10919750826173569 -0.011315282098205648 0.9939556673114079 0.03679411858320236 -0.9936377226863651 0.028974342819995003 -0.1088327318080543 -0.05099762603640556 -0.027567739190631158 -0.9995161088492709 -0.014407217175079756 0.009231114760041237
-0.098054173704057 -0.025733549103187037 0.9948483117891735 0.03428736701607704 -0.994995738098868 0.02182730717732906 -0.09750410158796247 -0.05112648010253906 -0.01920573311029372 -0.9994305143990454 -0.027745030253286784 0.00839771144092083
-0.08680491155504677 -0.033944119162074626 0.9956468772131168 0.03350292146205902 -0.9961338248992826 0.016502928986684817 -0.08628473924388824 -0.05103921890258789 -0.013502230239699431 -0.9992874712059444 -0.0352454205448427 0.007978149689733982
-0.07676089351121995 -0.04521875728264502 0.9960236087649591 0.031759507954120636 -0.9969930981565291 0.014109446092348876 -0.07619505075273875 -0.05284731462597847 -0.010607895908449128 -0.9988774637165363 -0.04616584260700951 0.006908006966114044
-0.07301354164156315 -0.07271994886408434 0.9946762447018429 0.02886371687054634 -0.9972658555982274 0.016718045516101676 -0.07198138795589104 -0.054721392691135406 -0.011394559881392097 -0.9972122722827503 -0.07374176573545566 0.007325171492993832
-0.07660095886723473 -0.11250336899629326 0.9906943449243585 0.027837004512548447 -0.9970507578396874 0.003960543807713712 -0.07664267991172935 -0.06495177745819092 0.004698871345847011 -0.9936434501657175 -0.11247495077057867 0.008032301440834999
-0.08741158160932777 -0.15052421250205816 0.9847343179006158 0.02616076171398163 -0.9956596833393855 -0.018506416766330747 -0.09121023797242106 -0.07915081083774567 0.03195325293410112 -0.9884330902944853 -0.14825321459524332 0.01616717502474785
-0.09960444198894869 -0.16542519277118406 0.9811796271492221 0.026191800832748413 -0.9938133700509826 -0.032151015098423774 -0.10630756198902125 -0.09504193067550659 0.049131869941809014 -0.9856981372736571 -0.16119938440100712 0.03422524780035019
-0.11616151703313038 -0.14146260241607977 0.9831046913112721 0.0670834481716156 -0.9920694529051731 -0.031316598210265445 -0.12172703598201573 -0.11944933235645294 0.048007317910834124 -0.9894481304213003 -0.13670294302904062 0.057217102497816086
-0.12316872248264643 -0.11106149861020248 0.9861515143873423 0.08197283744812012 -0.9915668784518641 -0.026587441769755027 -0.12683940041393266 -0.13623304665088654 0.04030621985772015 -0.9934578257110847 -0.10685016225624189 0.09435442090034485
-0.13190333195989168 -0.09806900802315366 0.9863995035903217 0.09164699912071228 -0.9905125844639606 -0.025662204949305933 -0.13500470827221128 -0.14803031086921692 0.038552964041739524 -0.9948486924665954 -0.09375365625457965 0.1380862444639206
-0.13430916341059485 -0.0987219740132298 0.9860096452220322 0.08758988976478577 -0.9901150196247358 -0.027211322079400913 -0.13759284815789097 -0.16304168105125427 0.040414063609782 -0.9947429395565583 -0.09409137933372136 0.1666782796382904
-0.1418044413679278 -0.09424823395491094 0.9853977728839813 0.11712212860584259 -0.9890693300752216 -0.02715196415699339 -0.14492974555614868 -0.188614621758461 0.04041485757592861 -0.9951783966901602 -0.08936776850923212 0.21299725770950317
-0.14675123381356037 -0.08184100975466507 0.9857819862913575 0.1521001160144806 -0.9882549717751739 -0.030805016371197702 -0.14967685769022615 -0.21481262147426605 0.04261673539641059 -0.996169212578218 -0.07635911062502787 0.254470556974411
-0.14747188003861078 -0.06619211310420103 0.9868488479806208 0.17713791131973267 -0.9880763103746147 -0.034770090484104954 -0.14998748509197435 -0.2308313250541687 0.04424081231584348 -0.9972009050189073 -0.060275248279094584 0.2837470769882202
-0.14712178566410217 -0.05958428278132194 0.987322081910681 0.1944645494222641 -0.9881466858807941 -0.035380580725237976 -0.14937985704353907 -0.2356865108013153 0.04383272026476648 -0.9975960744474591 -0.053672757346817423 0.29714235663414
-0.14612615132289197 -0.05196120241140617 0.9879003903954691 0.20230801403522491 -0.9882376681826179 -0.03785296165199181 -0.14816701548980055 -0.24676883220672607 0.0450938918761869 -0.9979314539276403 -0.04581870990463455 0.30349522829055786
-0.14389079846824993 -0.04176442504995842 0.9887118745703503 0.22568544745445251 -0.9884790870492688 -0.04133804994187873 -0.14560309094674667 -0.25987210869789124 0.04695245022800548 -0.9982719561458435 -0.035335095731263144 0.3242621421813965
-0.1429462682340028 -0.04741128576128151 0.9885942212962984 0.23865333199501038 -0.9886267517345572 -0.0403187466078716 -0.1448845900251245 -0.2629008889198303 0.04672804460653901 -0.9980614052524184 -0.041108651070266955 0.3350712060928345
-0.13588085532023153 -0.060504528059629026 0.9888759250996677 0.2480774223804474 -0.9900645586701435 -0.02815171840497621 -0.1377666520466423 -0.2728132903575897 0.036174062845303556 -0.997770856878035 -0.05607810929529933 0.35145512223243713
-0.13088350324605114 -0.06822351873555005 0.9890475519758297 0.25326335430145264 -0.9910647695562211 -0.016850729353875327 -0.13231279403261526 -0.2789524793624878 0.025693016999094598 -0.9975277461863319 -0.06540844338387641 0.37354812026023865
-0.12836511389841088 -0.07744301433882123 0.988698628027755 0.25659722089767456 -0.9915012998382635 -0.011245563000844672 -0.1296098365550542 -0.28475844860076904 0.021155849141120175 -0.9969333562695708 -0.07534131140487932 0.40990471839904785
-0.12756184634349466 -0.07974698173206896 0.9886194385414762 0.26060453057289124 -0.9915565126405298 -0.013178777751586046 -0.12900388388387812 -0.2909606695175171 0.023316466232889466 -0.9967280164225341 -0.07739252987731537 0.42761141061782837
-0.1276507800311827 -0.08035652736641574 0.9885586006236762 0.27263951301574707 -0.9912560597266229 -0.023245659003396257 -0.12988865767551694 -0.31107133626937866 0.03341709761006223 -0.9964950917325726 -0.07668656818642539 0.47273725271224976
-0.12741299111781357 -0.08308722211041247 0.9883635177485997 0.28373801708221436 -0.9911130146434848 -0.027735182844849993 -0.13009900782429512 -0.32404306530952454 0.038222008041378264 -0.9961562493678073 -0.07881500457874158 0.49999532103538513
-0.12689159873155786 -0.08428873881234239 0.9883288575574294 0.29166942834854126 -0.9909965867122166 -0.032131307296503375 -0.12997439831041258 -0.3434232771396637 0.042711676343657856 -0.9959231835843777 -0.07945265950912028 0.5266035795211792
-0.1277323584243144 -0.08385838323424616 0.9882571609518955 0.30103373527526855 -0.9908498788794975 -0.03301324770416181 -0.13086880071471868 -0.34903591871261597 0.043600024493657685 -0.9959306687904343 -0.07887420888218455 0.5297101736068726
-0.1259498778374255 -0.08445137787611168 0.9884354268476845 0.3101608455181122 -0.9911288999708175 -0.03190107683354393 -0.1290186999605007 -0.3644465506076813 0.042427961480313636 -0.9959168068024993 -0.0796842645253033 0.5480777025222778
