# name: debug
# type: sparse matrix
# nnz: 196
# rows: 14
# columns: 14

1 1 6.60008341e+14
2 1 2.13224461e+14
3 1 8.8125218e+14
4 1 -9.28870742e+14
5 1 1.63683672e+15
6 1 1.98194938e+14
7 1 1.6544085e+11
8 1 -6.59988957e+14
9 1 -2.13224461e+14
10 1 -8.8125218e+14
11 1 9.28870742e+14
12 1 -1.63683672e+15
13 1 -1.98194938e+14
14 1 -1.65440449e+11
1 2 2.13224461e+14
2 2 7.56895738e+14
3 2 7.96190377e+14
4 2 -1.53753018e+15
5 2 1.26531419e+15
6 2 -7.44485708e+14
7 2 5.95665202e+11
8 2 -2.13224461e+14
9 2 -7.56876351e+14
10 2 -7.96190376e+14
11 2 1.53753018e+15
12 2 -1.26531419e+15
13 2 7.4448571e+14
14 2 -5.95664606e+11
1 3 8.8125218e+14
2 3 7.96190377e+14
3 3 1.5569391e+15
4 3 -2.16028779e+15
5 3 2.73320052e+15
6 3 -3.36443084e+14
7 3 6.19095334e+11
8 3 -8.8125218e+14
9 3 -7.96190376e+14
10 3 -1.55691971e+15
11 3 2.16028779e+15
12 3 -2.73320053e+15
13 3 3.36443084e+14
14 3 -6.19095374e+11
1 4 -9.28870742e+14
2 4 -1.53753018e+15
3 4 -2.16028779e+15
4 4 3.80132734e+15
5 4 -3.93945513e+15
6 4 1.2379163e+15
7 4 -1.23170581e+12
8 4 9.28870742e+14
9 4 1.53753018e+15
10 4 2.16028779e+15
11 4 -3.80130795e+15
12 4 3.93945513e+15
13 4 -1.2379163e+15
14 4 1.2317054e+12
1 5 1.63683672e+15
2 5 1.26531419e+15
3 5 2.73320052e+15
4 5 -3.93945513e+15
5 5 5.3800363e+15
6 5 -3.19233408e+14
7 5 1.00150632e+12
8 5 -1.63683672e+15
9 5 -1.26531419e+15
10 5 -2.73320053e+15
11 5 3.93945513e+15
12 5 -5.38001691e+15
13 5 3.19233409e+14
14 5 -1.00150599e+12
1 6 1.98194938e+14
2 6 -7.44485708e+14
3 6 -3.36443084e+14
4 6 1.2379163e+15
5 6 -3.19233408e+14
6 6 1.11890823e+15
7 6 -6.00267294e+11
8 6 -1.98194938e+14
9 6 7.4448571e+14
10 6 3.36443084e+14
11 6 -1.2379163e+15
12 6 3.19233409e+14
13 6 -1.11888884e+15
14 6 6.00267516e+11
1 7 1.6544085e+11
2 7 5.95665202e+11
3 7 6.19095334e+11
4 7 -1.23170581e+12
5 7 1.00150632e+12
6 7 -6.00267294e+11
7 7 1.60235219e+10
8 7 -1.65440449e+11
9 7 -5.95664606e+11
10 7 -6.19095374e+11
11 7 1.2317054e+12
12 7 -1.00150599e+12
13 7 6.00267516e+11
14 7 3.35886403e+09
1 8 -6.59988957e+14
2 8 -2.13224461e+14
3 8 -8.8125218e+14
4 8 9.28870742e+14
5 8 -1.63683672e+15
6 8 -1.98194938e+14
7 8 -1.65440449e+11
8 8 6.60008339e+14
9 8 2.13224461e+14
10 8 8.8125218e+14
11 8 -9.28870742e+14
12 8 1.63683672e+15
13 8 1.98194938e+14
14 8 1.65440449e+11
1 9 -2.13224461e+14
2 9 -7.56876351e+14
3 9 -7.96190376e+14
4 9 1.53753018e+15
5 9 -1.26531419e+15
6 9 7.4448571e+14
7 9 -5.95664606e+11
8 9 2.13224461e+14
9 9 7.56895733e+14
10 9 7.96190376e+14
11 9 -1.53753018e+15
12 9 1.26531419e+15
13 9 -7.4448571e+14
14 9 5.95664606e+11
1 10 -8.8125218e+14
2 10 -7.96190376e+14
3 10 -1.55691971e+15
4 10 2.16028779e+15
5 10 -2.73320053e+15
6 10 3.36443084e+14
7 10 -6.19095374e+11
8 10 8.8125218e+14
9 10 7.96190376e+14
10 10 1.5569391e+15
11 10 -2.16028779e+15
12 10 2.73320053e+15
13 10 -3.36443084e+14
14 10 6.19095374e+11
1 11 9.28870742e+14
2 11 1.53753018e+15
3 11 2.16028779e+15
4 11 -3.80130795e+15
5 11 3.93945513e+15
6 11 -1.2379163e+15
7 11 1.2317054e+12
8 11 -9.28870742e+14
9 11 -1.53753018e+15
10 11 -2.16028779e+15
11 11 3.80132733e+15
12 11 -3.93945513e+15
13 11 1.2379163e+15
14 11 -1.2317054e+12
1 12 -1.63683672e+15
2 12 -1.26531419e+15
3 12 -2.73320053e+15
4 12 3.93945513e+15
5 12 -5.38001691e+15
6 12 3.19233409e+14
7 12 -1.00150599e+12
8 12 1.63683672e+15
9 12 1.26531419e+15
10 12 2.73320053e+15
11 12 -3.93945513e+15
12 12 5.3800363e+15
13 12 -3.19233409e+14
14 12 1.00150599e+12
1 13 -1.98194938e+14
2 13 7.4448571e+14
3 13 3.36443084e+14
4 13 -1.2379163e+15
5 13 3.19233409e+14
6 13 -1.11888884e+15
7 13 6.00267516e+11
8 13 1.98194938e+14
9 13 -7.4448571e+14
10 13 -3.36443084e+14
11 13 1.2379163e+15
12 13 -3.19233409e+14
13 13 1.11890822e+15
14 13 -6.00267516e+11
1 14 -1.65440449e+11
2 14 -5.95664606e+11
3 14 -6.19095374e+11
4 14 1.2317054e+12
5 14 -1.00150599e+12
6 14 6.00267516e+11
7 14 3.35886403e+09
8 14 1.65440449e+11
9 14 5.95664606e+11
10 14 6.19095374e+11
11 14 -1.2317054e+12
12 14 1.00150599e+12
13 14 -6.00267516e+11
14 14 1.60233171e+10
