2.0861626953694312e-07 2.0861622568313365e-07 0.9999999999999563 0.0 -0.9999999999999563 2.0861626953694312e-07 2.0861622568313365e-07 0.0 -2.0861622568313365e-07 -0.9999999999999563 2.0861626953694312e-07 0.0
2.0861626953694312e-07 2.0861622568313365e-07 0.9999999999999563 0.0 -0.9999999999999563 2.0861626953694312e-07 2.0861622568313365e-07 0.0 -2.0861622568313365e-07 -0.9999999999999563 2.0861626953694312e-07 0.0
2.0861626953694312e-07 2.0861622568313365e-07 0.9999999999999563 0.0 -0.9999999999999563 2.0861626953694312e-07 2.0861622568313365e-07 0.0 -2.0861622568313365e-07 -0.9999999999999563 2.0861626953694312e-07 0.0
2.0861626953694312e-07 2.0861622568313365e-07 0.9999999999999563 0.0 -0.9999999999999563 2.0861626953694312e-07 2.0861622568313365e-07 0.0 -2.0861622568313365e-07 -0.9999999999999563 2.0861626953694312e-07 0.0
2.0861626953694312e-07 2.0861622568313365e-07 0.9999999999999563 0.0 -0.9999999999999563 2.0861626953694312e-07 2.0861622568313365e-07 0.0 -2.0861622568313365e-07 -0.9999999999999563 2.0861626953694312e-07 0.0
2.0861626953694312e-07 2.0861622568313365e-07 0.9999999999999563 0.0 -0.9999999999999563 2.0861626953694312e-07 2.0861622568313365e-07 0.0 -2.0861622568313365e-07 -0.9999999999999563 2.0861626953694312e-07 0.0
2.0861626953694312e-07 2.0861622568313365e-07 0.9999999999999563 0.0 -0.9999999999999563 2.0861626953694312e-07 2.0861622568313365e-07 0.0 -2.0861622568313365e-07 -0.9999999999999563 2.0861626953694312e-07 0.0
2.0861626953694312e-07 2.0861622568313365e-07 0.9999999999999563 0.0 -0.9999999999999563 2.0861626953694312e-07 2.0861622568313365e-07 0.0 -2.0861622568313365e-07 -0.9999999999999563 2.0861626953694312e-07 0.0
2.0861626953694312e-07 2.0861622568313365e-07 0.9999999999999563 0.0 -0.9999999999999563 2.0861626953694312e-07 2.0861622568313365e-07 0.0 -2.0861622568313365e-07 -0.9999999999999563 2.0861626953694312e-07 0.0
2.0861626953694312e-07 2.0861622568313365e-07 0.9999999999999563 0.0 -0.9999999999999563 2.0861626953694312e-07 2.0861622568313365e-07 0.0 -2.0861622568313365e-07 -0.9999999999999563 2.0861626953694312e-07 0.0
2.0861626953694312e-07 2.0861622568313365e-07 0.9999999999999563 0.0 -0.9999999999999563 2.0861626953694312e-07 2.0861622568313365e-07 0.0 -2.0861622568313365e-07 -0.9999999999999563 2.0861626953694312e-07 0.0
2.0861626953694312e-07 2.0861622568313365e-07 0.9999999999999563 0.0 -0.9999999999999563 2.0861626953694312e-07 2.0861622568313365e-07 0.0 -2.0861622568313365e-07 -0.9999999999999563 2.0861626953694312e-07 0.0
2.0861626953694312e-07 2.0861622568313365e-07 0.9999999999999563 0.0 -0.9999999999999563 2.0861626953694312e-07 2.0861622568313365e-07 0.0 -2.0861622568313365e-07 -0.9999999999999563 2.0861626953694312e-07 0.0
2.0861626953694312e-07 2.0861622568313365e-07 0.9999999999999563 0.0 -0.9999999999999563 2.0861626953694312e-07 2.0861622568313365e-07 0.0 -2.0861622568313365e-07 -0.9999999999999563 2.0861626953694312e-07 0.0
2.0861626953694312e-07 2.0861622568313365e-07 0.9999999999999563 0.0 -0.9999999999999563 2.0861626953694312e-07 2.0861622568313365e-07 0.0 -2.0861622568313365e-07 -0.9999999999999563 2.0861626953694312e-07 0.0
2.0861626953694312e-07 2.0861622568313365e-07 0.9999999999999563 0.0 -0.9999999999999563 2.0861626953694312e-07 2.0861622568313365e-07 0.0 -2.0861622568313365e-07 -0.9999999999999563 2.0861626953694312e-07 0.0
2.0861626953694312e-07 2.0861622568313365e-07 0.9999999999999563 0.0 -0.9999999999999563 2.0861626953694312e-07 2.0861622568313365e-07 0.0 -2.0861622568313365e-07 -0.9999999999999563 2.0861626953694312e-07 0.0
2.0861626953694312e-07 2.0861622568313365e-07 0.9999999999999563 0.0 -0.9999999999999563 2.0861626953694312e-07 2.0861622568313365e-07 0.0 -2.0861622568313365e-07 -0.9999999999999563 2.0861626953694312e-07 0.0
2.0861626953694312e-07 2.0861622568313365e-07 0.9999999999999563 0.0 -0.9999999999999563 2.0861626953694312e-07 2.0861622568313365e-07 0.0 -2.0861622568313365e-07 -0.9999999999999563 2.0861626953694312e-07 0.0
2.0861626953694312e-07 2.0861622568313365e-07 0.9999999999999563 0.0 -0.9999999999999563 2.0861626953694312e-07 2.0861622568313365e-07 0.0 -2.0861622568313365e-07 -0.9999999999999563 2.0861626953694312e-07 0.0
2.0861626953694312e-07 2.0861622568313365e-07 0.9999999999999563 0.0 -0.9999999999999563 2.0861626953694312e-07 2.0861622568313365e-07 0.0 -2.0861622568313365e-07 -0.9999999999999563 2.0861626953694312e-07 0.0
2.0861626953694312e-07 2.0861622568313365e-07 0.9999999999999563 0.0 -0.9999999999999563 2.0861626953694312e-07 2.0861622568313365e-07 0.0 -2.0861622568313365e-07 -0.9999999999999563 2.0861626953694312e-07 0.0
2.0861626953694312e-07 2.0861622568313365e-07 0.9999999999999563 0.0 -0.9999999999999563 2.0861626953694312e-07 2.0861622568313365e-07 0.0 -2.0861622568313365e-07 -0.9999999999999563 2.0861626953694312e-07 0.0
2.0861626953694312e-07 2.0861622568313365e-07 0.9999999999999563 0.0 -0.9999999999999563 2.0861626953694312e-07 2.0861622568313365e-07 0.0 -2.0861622568313365e-07 -0.9999999999999563 2.0861626953694312e-07 0.0
2.0861626953694312e-07 2.0861622568313365e-07 0.9999999999999563 0.0 -0.9999999999999563 2.0861626953694312e-07 2.0861622568313365e-07 0.0 -2.0861622568313365e-07 -0.9999999999999563 2.0861626953694312e-07 0.0
2.468477169048633e-05 -0.0032270618760391057 0.9999947927175973 -0.010434206575155258 -0.9999996113018337 0.0008812708697317762 2.7528821072153598e-05 0.001668725162744522 -0.0008813551179144286 -0.9999944047009975 -0.0032270388677159145 0.03865361958742142
-0.0004829958537351797 -0.00475398730973875 0.9999885830946591 -0.021968312561511993 -0.9999990878664206 0.0012636231329447578 -0.0004769936106311379 0.006344921886920929 -0.0012613410847071571 -0.9999879013574297 -0.004754593298200938 0.06894327700138092
4.5906279225071955e-05 -0.004666050333623939 0.999989112874184 -0.032810091972351074 -0.9999990535364847 0.0013748412836259716 5.232188404152849e-05 0.010367624461650848 -0.0013750704521004464 -0.999988168822876 -0.0046659828035297 0.0803789272904396
0.00038212559509898103 -0.003956431811923122 0.999992100282471 -0.03683288022875786 -0.9999986990740033 0.0015655849053644033 0.00038832229554225384 0.0109843909740448 -0.0015671089083693635 -0.9999909477546394 -0.00395582841483455 0.07856415957212448
0.00047245192549821846 -0.0033011107045186616 0.9999944397131888 -0.03733127936720848 -0.9999992379773415 0.0011389753596742769 0.00047621409711806617 0.011452175676822662 -0.0011405410620981549 -0.9999939026830346 -0.003300570077895637 0.07410943508148193
0.0005752795308553438 -0.0010270159477067664 0.9999993071456124 -0.035986170172691345 -0.9999997033624572 0.000511589097193843 0.0005758051693165456 0.011598832905292511 -0.0005121801038288631 -0.9999993417572028 -0.001026721336319536 0.058405715972185135
0.0005607430502440058 0.0013735933521088484 0.9999988994036617 -0.03174298629164696 -0.9999997594193484 0.0004090938972169944 0.0005601816032161921 0.01047978550195694 -0.00040832398524354163 -0.9999989729412158 0.0013738224182086034 0.036188989877700806
-0.0016040401995048859 0.004921288756285724 0.9999866038962799 -0.024280671030282974 -0.9999903045381056 0.004093023177054289 -0.0016241893543437191 0.0180371031165123 -0.004100961451298846 -0.999979513829283 0.004914675668404644 0.010890709236264229
-0.004088601775127376 0.004674949882701618 0.9999807139035826 -0.022843584418296814 -0.9999915280497873 0.000457502040640434 -0.004090784831078498 0.05515512824058533 -0.0004766174312780813 -0.9999889677068827 0.004673039733103512 0.0023432504385709763
-0.006925132119459443 0.0053011810041685425 0.9999619692893771 -0.023261696100234985 -0.9999760196774825 1.4426367174746879e-05 -0.006925305903646262 0.08975028991699219 -5.11381186342752e-05 -0.9999859485371987 0.005300953975639566 -0.0018761549144983292
-0.004769727772160226 0.005726748776189117 0.999972226637037 -0.02521701157093048 -0.9999886130954425 0.00012557742313601405 -0.004770525103604817 0.11320526897907257 -0.00015289353422737184 -0.9999835941548068 0.005726084596124725 -0.002707887440919876
-0.005045200637102121 0.005566713466468365 0.9999717784276281 -0.029003798961639404 -0.9999871012675965 -0.0006139584442576007 -0.005041860118890018 0.13088150322437286 0.0005858745267652288 -0.9999843172551313 0.005569739206455315 -0.0019303783774375916
-0.004695673899866248 0.0070136887693050265 0.9999643787738008 -0.03134995698928833 -0.9999881421557162 0.0012578597493243526 -0.004704608040000724 0.14297206699848175 -0.0012908115993917613 -0.9999746126570904 0.007007699102881237 -0.0021847710013389587
-0.003302390390423793 0.0076469687849291534 0.9999653084413036 -0.035376086831092834 -0.9999929974949149 0.001735153229234676 -0.0033157509565682752 0.1603914499282837 -0.0017604484781281182 -0.9999692560832425 0.0076411850836412 -0.0010824352502822876
-0.0033196369271890624 0.005711577930729961 0.999978178706022 -0.040945664048194885 -0.9999940757653845 -0.000929140064669487 -0.0033143827291128303 0.18664772808551788 0.0009101894343812034 -0.9999832571479792 0.0057146285016712595 0.0014119260013103485
-0.004242640747559645 0.006399341891507593 0.9999705237769975 -0.045801952481269836 -0.9999903963444592 -0.001125872607918299 -0.004235520006087179 0.20994511246681213 0.001098734880839003 -0.9999788901943011 0.006404057107435357 0.0025045834481716156
-0.0045025564161437215 0.006068492712194784 0.9999714497834034 -0.04864253103733063 -0.9999895818381583 -0.0007777848859616965 -0.004497917942401675 0.22086462378501892 0.000750467097781149 -0.9999812840482933 0.006071931509984196 0.003596656024456024
-0.0025304427010984787 0.005512657107467567 0.9999816035664617 -0.05438140034675598 -0.9999743905503538 0.006680378868605286 -0.0025672517641804893 0.23267310857772827 -0.00669440835214391 -0.9999624908714263 0.00549561161540435 0.004762917757034302
0.002816979420945387 0.006179942797155058 0.9999769362010134 -0.05869463086128235 -0.9996565258412985 0.02607262176675451 0.0026549457833539014 0.2147311121225357 -0.02605561301997611 -0.9996409488917665 0.00625126618546934 0.005258649587631226
0.0014523362401109852 0.005551022441627751 0.9999835382991553 -0.06292176246643066 -0.9999948078667604 -0.002868519627693633 0.0014682760865369349 0.18372872471809387 0.002876622840488674 -0.9999804786819579 0.005546827564968937 0.005160599946975708
0.0009324653805546923 0.006550674148586899 0.9999781093486564 -0.06641371548175812 -0.9999995515673711 0.00017155379997713105 0.0009313615574754741 0.15625706315040588 -0.00016544899847542593 -0.9999785293882528 0.006550831179030103 0.005293421447277069
0.0014238800726434908 0.008806193714945343 0.9999602109673134 -0.06995352357625961 -0.9999948880514162 0.0028753727595441925 0.0013986073535524057 0.11645163595676422 -0.0028629419439570314 -0.9999570906712691 0.008810242884109531 0.003951186314225197
0.0027662693505722258 0.010192072568134147 0.9999442331503521 -0.07550550252199173 -0.9999947805270732 0.001697446714465034 0.0027491077210868853 0.05886653810739517 -0.0016693329478182917 -0.9999466187409294 0.010196714965707787 0.003726549446582794
0.0019422679705495272 0.01042522517801081 0.9999437695566279 -0.07867831736803055 -0.9999974933929747 0.001134103498848238 0.0019305483732873774 0.0248933844268322 -0.0011139133261971468 -0.9999450127328211 0.01042740177896917 0.0038191676139831543
0.001240159844383859 0.011057956569630434 0.9999380898836012 -0.08128111064434052 -0.9999963517525965 0.0024132530968863364 0.0012135448027371654 0.004075910896062851 -0.0023996843663824374 -0.9999359468515946 0.011060909047053868 0.0031565502285957336
0.0012061206232375499 0.011192781590313894 0.9999366314488702 -0.08393625915050507 -0.9999964895752549 0.0023726142676744333 0.0011796349877058465 -0.014860700815916061 -0.0023592605217723217 -0.9999345440286622 0.011195603957895484 0.002678707242012024
0.000896286471514185 0.0110677827841702 0.9999383485269497 -0.08710820972919464 -0.9999968429752871 0.002357267193473511 0.0008702475726988235 -0.0347251370549202 -0.0023474901533757087 -0.9999359716879982 0.011069860629601469 0.0015849471092224121
0.0010244495583853208 0.01113624065106339 0.9999374653683417 -0.09091053903102875 -0.9999988716181623 0.0011100973031101802 0.0010121493860905661 -0.056373581290245056 -0.0010987563444457282 -0.9999373739530586 0.011137365323823867 0.00031347572803497314
0.0007348666725875974 0.010769101248179536 0.9999417415176144 -0.09608301520347595 -0.999999721398474 0.00013895570050781458 0.0007334127673594981 -0.07165899127721786 -0.00013104940881109028 -0.9999420018929195 0.010769200361804843 -0.00016100704669952393
0.00030321072875982846 0.01013557343667848 0.9999485877855739 -0.0985586941242218 -0.9999996792250595 -0.0007382476484094624 0.00031070916899877954 -0.07732558250427246 0.0007413589090629058 -0.9999483612374788 0.010135346340833018 2.619624137878418e-05
-5.442509641961912e-06 0.010757109936514297 0.9999421406042415 -0.10281982272863388 -0.9999997766545454 -0.0006683470707234962 1.747075573765855e-06 -0.08343233168125153 0.0006683271940500224 -0.999941917262201 0.01075711117144823 0.0001796931028366089
-0.0006185745582820701 0.011278612957318301 0.9999362030926149 -0.10838156938552856 -0.9999995481691266 -0.0007287529295780804 -0.0006103938977995993 -0.07844878733158112 0.0007218220408699572 -0.9999361288647025 0.011279058649314055 -0.0003160238265991211
-0.0012303714988001202 0.010387073344400366 0.9999452959503901 -0.11162503063678741 -0.9999985788404441 -0.0011653257266420747 -0.0012183320741513959 -0.06752044707536697 0.0011526070739936167 -0.9999453738696373 0.010388492366272706 0.0002830326557159424
-0.0011347775599716003 0.010656624558157024 0.9999425726675086 -0.11577381938695908 -0.9999969248231497 -0.0022171049348537197 -0.0011112110293184374 -0.04273073002696037 0.0022051358536872012 -0.999940758644598 0.010659107708080151 0.0001465529203414917
-0.0012383324257619899 0.009724439812462848 0.9999519497471551 -0.11943407356739044 -0.9999876892841789 -0.004816796375205934 -0.0011915337880637478 -0.01680416241288185 0.004804977928315801 -0.9999411151377933 0.009730284892787655 -0.0003845095634460449
-0.0007449073436794906 0.009741628960124094 0.9999522717501335 -0.12071800231933594 -0.9999869032829137 -0.005070452828284777 -0.000695536314456735 -0.007384933531284332 0.005063435167741437 -0.999939693768239 0.009745278394313162 -0.0008137524127960205
-0.0003611327838487499 0.009977161958677483 0.9999501616692518 -0.12264254689216614 -0.9999850467836209 -0.005460051703433444 -0.00030666684736790906 0.014781642705202103 0.005456719918767283 -0.9999353199455683 0.009978984571687555 -0.0022565945982933044
-0.0010970476508672666 0.010137724437623896 0.9999480101633678 -0.12943795323371887 -0.9999848896445969 -0.0053975879418556305 -0.001042366007343476 0.05965792387723923 0.005386740102794774 -0.9999340441187292 0.010143492664176634 -0.004201993346214294
-0.0010530651701823324 0.009654141344696388 0.9999528431924398 -0.1336340308189392 -0.999981681471529 -0.005970409820157174 -0.0009954536417041138 0.08402423560619354 0.005960518024531014 -0.9999355738053708 0.009660251725666591 -0.004356250166893005
-0.001323664166287708 0.009486310653446683 0.9999541278595542 -0.13545751571655273 -0.9999820471994301 -0.00585637188287369 -0.001268143212269146 0.09136249125003815 0.005844073238095215 -0.9999378544782451 0.009493892217208977 -0.004130564630031586
-0.001572332629954487 0.009939159028092726 0.9999493691622166 -0.13707782328128815 -0.9999844920277615 -0.005357979462188078 -0.00151913135121301 0.09835965931415558 0.005342609295114986 -0.9999362505549525 0.009947429417829556 -0.004168599843978882
-0.0011078238817275876 0.009831185377398632 0.9999510590625533 -0.14112631976604462 -0.9999862998118816 -0.005126594090944514 -0.0010574599605510104 0.11215074360370636 0.00511594710572244 -0.9999385310243334 0.009836730051675346 -0.004123225808143616
-0.0014056412607704738 0.010001079188274364 0.9999489999933577 -0.14341482520103455 -0.9999875384117656 -0.0048041458753022015 -0.0013576463408892514 0.11980229616165161 0.004790322935265712 -0.9999384474043784 0.010007707464608606 -0.003978937864303589
-0.0009519438340794828 0.010622717592999376 0.9999431242195108 -0.1452120542526245 -0.9999903727224635 -0.004293359916091033 -0.0009063790705554076 0.1259004771709442 0.00428348751899621 -0.9999343603115007 0.01062670236264851 -0.004576101899147034
-0.001121454176215897 0.01034593111094656 0.9999458505589083 -0.1478922963142395 -0.999992462997012 -0.0037284328118972754 -0.0010829302548566733 0.13537302613258362 0.0037170269975295156 -0.9999395284207016 0.010350034400180397 -0.005247935652732849
-0.0008241959650188146 0.010345392256313923 0.9999461453298745 -0.14961734414100647 -0.9999887984710529 -0.0046691405740408864 -0.0007759244291795642 0.14153923094272614 0.004660861876434441 -0.9999355839179656 0.010349124658924291 -0.006499156355857849
-0.0007182409361269348 0.010607417110405803 0.9999434818189492 -0.15084144473075867 -0.9999915403764263 -0.004057491253707135 -0.0006752335208995985 0.14426496624946594 0.0040500994480788255 -0.9999355076538544 0.0106102416319665 -0.0074971020221710205
-0.0011376699722336348 0.01072770939953921 0.9999418092859572 -0.15183201432228088 -0.9999933761700668 -0.0034693656262021477 -0.0011005081296163177 0.14631904661655426 0.003457357809932504 -0.9999364378565225 0.01073158533411206 -0.008554302155971527
0.015854455130434708 0.01118375287155332 0.9998117622453865 -0.15292006731033325 -0.9998517568607062 -0.0065387881273303305 0.015928231301225004 0.1476653516292572 0.006715694683089191 -0.9999160804395206 0.011078426033946376 -0.010697178542613983
0.03371172682472423 0.011220412567020999 0.9993686115824936 -0.15538287162780762 -0.9993937549523613 -0.008323180681361841 0.03380602351009021 0.14423926174640656 0.008697243052516568 -0.9999024087405585 0.01093302145402697 -0.014277525246143341
0.03396739981663599 0.01152752440970134 0.9993564588927619 -0.15624140202999115 -0.9993911310074897 -0.007586195421053654 0.03405608466345694 0.14257094264030457 0.007973895739709469 -0.9999047783764299 0.011262822324573762 -0.015030935406684875
0.0342965780749101 0.011295587829116605 0.999347864573666 -0.1568230241537094 -0.9993810148418261 -0.007447962271607322 0.03438189976895634 0.14066676795482635 0.007831468960128152 -0.9999084645874318 0.011033156408350397 -0.01581703871488571
0.03502586523232698 0.011670761336321833 0.9993182586616527 -0.15713441371917725 -0.9993591935035164 -0.0069700403723717 0.035108701160948774 0.13798630237579346 0.0073750338797975434 -0.999907601664793 0.011419150941891998 -0.016353674232959747
0.03541724272900948 0.011961474423635543 0.9993010267417355 -0.15878672897815704 -0.9993507223443163 -0.00619435919963407 0.035493149536194035 0.1345410794019699 0.0066145799085930435 -0.9999092724061109 0.011734320982239255 -0.0169362872838974
0.035601713295701554 0.011663754567953877 0.9992979910115847 -0.16110274195671082 -0.9993456950704371 -0.005967743429045325 0.0356730680282723 0.13165362179279327 0.006379635929685323 -0.9999141677502842 0.011443661025259733 -0.016354404389858246
0.035917033004880305 0.010702342816539478 0.9992974665225385 -0.16522733867168427 -0.9993374623694645 -0.005501257776965807 0.035977388285290846 0.12952283024787903 0.005882435302282163 -0.9999275953893406 0.010497663254544876 -0.0050387755036354065
0.03589177718797104 0.01091061040783925 0.9992961217331013 -0.1685018092393875 -0.9993398939336048 -0.005228976407728403 0.035950440866543365 0.1284646987915039 0.005617537099161796 -0.9999268055144115 0.010715730991573691 0.006052620708942413
0.03597894596316281 0.010950406606242413 0.9992925517797766 -0.17351213097572327 -0.999337849163983 -0.0050291623743256575 0.03603568722969697 0.1274564564228058 0.005420209929855424 -0.9999273954247729 0.010762211824047574 0.021116457879543304
0.036480690597106014 0.011649064916159635 0.999266460209757 -0.1803480088710785 -0.9993235979771484 -0.004214957333650848 0.036531912907521225 0.12611524760723114 0.004637428119703413 -0.9999232637664028 0.011487420910716806 0.039809443056583405
0.03594134392114878 0.012135407217876926 0.9992802168004719 -0.18269722163677216 -0.9993457564628119 -0.0036005736172454172 0.035987427101655756 0.12655146420001984 0.004034704067449435 -0.9999198806710881 0.011998058251442734 0.04696504771709442
0.035908963785986736 0.01071976058916807 0.9992975698222866 -0.1844673901796341 -0.9993453351410271 -0.004027338404120506 0.03595388264495353 0.12662464380264282 0.004409926494294447 -0.9999344314895302 0.010568125189706179 0.05405151844024658
0.03568585664297552 0.01104976130167784 0.9993019675807875 -0.18600749969482422 -0.9993521595908958 -0.004275107639816311 0.03573492095529257 0.12657195329666138 0.004666985822778358 -0.9999298106516497 0.010890041941427786 0.05847042053937912
0.035980591254136385 0.011710987114470384 0.9992838684947376 -0.1869344413280487 -0.9993405344039238 -0.004469277542397065 0.036035008748845465 0.12626765668392181 0.00488808247507061 -0.9999214360833826 0.011542456872917828 0.06230088323354721
0.03551947450968107 0.011557039251915369 0.9993021573949923 -0.18808168172836304 -0.9993586989982641 -0.0041258609153141945 0.035569200275021196 0.12693965435028076 0.004534056357522687 -0.9999247032229164 0.011403079299453944 0.06433762609958649
0.035435768341497365 0.011317585568494437 0.9993078697673443 -0.18937715888023376 -0.9993625090143456 -0.003946487034110768 0.035482401506123085 0.12732097506523132 0.004345330666342795 -0.9999281661684452 0.01117052390941159 0.06630020588636398
0.035354136497367294 0.011083425057029528 0.9993133856411265 -0.19186656177043915 -0.9993642705162917 -0.0042083163406076984 0.03540261133048339 0.12820154428482056 0.0045978090396861515 -0.9999297214117512 0.010927597606610384 0.07050524652004242
0.03575403151748913 0.011549748926307501 0.9992938769601192 -0.19550944864749908 -0.9993494336793354 -0.00431799141038236 0.035805926254904696 0.12913909554481506 0.00472849183547952 -0.9999239762351533 0.011387849447664744 0.07335082441568375
0.03564291101858874 0.011744321803028646 0.999295578795137 -0.20015102624893188 -0.9993512387291994 -0.004749773636845145 0.035700718491558314 0.1309395730495453 0.00516570852214121 -0.9999197520580267 0.011567406782794498 0.08041422814130783
0.035750398567891584 0.01131657441884254 0.9992966747396188 -0.2028774470090866 -0.9993488589838762 -0.004473125773343856 0.035802921576880475 0.13131827116012573 0.004875146137431452 -0.9999259604036883 0.011149289703835163 0.08432818204164505
0.03547030240086824 0.011933680330919738 0.9992994770945045 -0.20357070863246918 -0.9993602325881537 -0.004159743102170044 0.03552213477080285 0.13212230801582336 0.004580738907872639 -0.9999201387166294 0.011778498205396781 0.08510858565568924
0.0357233520191248 0.011985547511633388 0.9992898422236484 -0.20479905605316162 -0.9993499092088373 -0.004432415632127151 0.035778662020159 0.13325119018554688 0.004858094771243215 -0.9999183468376358 0.011819415073647421 0.08657466620206833
0.035741612814491674 0.011571942801554103 0.9992940644541106 -0.2047894150018692 -0.999347145376595 -0.004863639968522515 0.03579983287540445 0.13419567048549652 0.005274480170525786 -0.999921214469447 0.011390553668570447 0.0870937928557396
0.03525119606642968 0.011361497371615903 0.9993138994096704 -0.20404431223869324 -0.999366526426938 -0.00449063724794474 0.03530410789786209 0.13517767190933228 0.0048886637481665995 -0.9999253724926588 0.011195999829189951 0.08719983696937561
0.03495558468663251 0.010327221658996855 0.999335507020551 -0.2035982608795166 -0.9993781233060526 -0.004275353673615867 0.03500125723795722 0.135522723197937 0.0046339784729549915 -0.9999375329708209 0.01017135191313051 0.08744620531797409
0.036559780924235064 0.011840238559282068 0.9992613227627852 -0.20354807376861572 -0.9993188026617318 -0.004601060914145028 0.03661640186019399 0.13428565859794617 0.0050312091483878385 -0.9999193162397273 0.011663959241250743 0.08620649576187134
0.04614845828580355 -0.024819552234724207 0.9986262111644734 -0.20204725861549377 -0.9988152637845477 0.014305066060788574 0.046512728537476844 0.12495999783277512 -0.015439839016258339 -0.9995895932390775 -0.024129990867958584 0.0878053680062294
0.03710414889068231 -0.03038503207589688 0.9988493539872991 -0.1924758404493332 -0.9993002262311539 -0.005855764811113218 0.03694276482400155 0.13414253294467926 0.004726519804532259 -0.9995211152568133 -0.030581042596905084 0.08655821532011032
0.03701853298873842 -0.03020877539409672 0.9988578768296072 -0.17342446744441986 -0.9993053891237824 -0.005405751053831731 0.03687163033701929 0.13323019444942474 0.004285730221034623 -0.9995289929485451 -0.030387905023866013 0.09081824868917465
0.05078824195549392 0.041919946665536445 0.9978292802632266 -0.1653836965560913 -0.9985449743410679 -0.016000243639213596 0.05149685836710727 0.1120888739824295 0.018124257150744616 -0.9989928479599063 0.041046327822221784 0.034701764583587646
0.03818394173125045 0.012001742333932808 0.9991986513075437 -0.11331291496753693 -0.9992622740625842 -0.0036543576132064826 0.038230266879888675 0.12870919704437256 0.004110259010961459 -0.9999212988287551 0.011853350559151099 0.10005764663219452
0.03468766553972352 0.012394285404436822 0.9993213434870276 -0.08210960030555725 -0.9993923989788582 -0.002977293237845624 0.034727058445233494 0.13370871543884277 0.0034056897520254314 -0.9999187554068028 0.012283479271920583 0.11038978397846222
0.035694770336670234 -0.0014715957556382664 0.9993616551461959 -0.04585658013820648 -0.9993573994349975 -0.003321377194335895 0.03568972748637672 0.1325405091047287 0.003266736158807404 -0.9999934014079617 -0.001589205903527513 0.11755470186471939
0.03185514758512714 0.008183082417933474 0.999458997025126 -0.007440775632858276 -0.9994898908234731 -0.002022318863638628 0.03187269000407006 0.1344527304172516 0.0022820416323019455 -0.9999644730631958 0.00811448688663452 0.1259903907775879
0.031814962386962464 0.007746846393729523 0.9994637534894739 0.006046280264854431 -0.9994896198764531 -0.0026371313728598134 0.03183622617939125 0.13444781303405762 0.00288234757433109 -0.9999665153939277 0.007658992321873004 0.12875694036483765
0.03203833079358043 0.009842209724645556 0.9994381803131684 0.0178535133600235 -0.9994836244664285 -0.002141214864368135 0.03206087369920407 0.13428083062171936 0.002455561730606348 -0.9999492717666436 0.009768526498222574 0.12856486439704895
0.031687909636486766 0.009712231098087554 0.9994506235677514 0.03135283291339874 -0.9994948024471997 -0.0021460098744230938 0.03171016434287688 0.13502399623394012 0.0024528073514311077 -0.9999505323808354 0.009639321935724865 0.13060401380062103
0.032113235886071845 0.010014006918425356 0.9994340697346488 0.039809584617614746 -0.999480701088471 -0.002338106229750614 0.0321381612877365 0.13469694554805756 0.002658614794152636 -0.9999471250644685 0.009933722498650044 0.1313473880290985
0.03407039407888601 0.013613488618068159 0.9993267139304118 0.04672443866729736 -0.9994179177726354 -0.001278568805751945 0.034090921032128296 0.13358357548713684 0.0017418043286362983 -0.999906514724979 0.013562003105222153 0.13047675788402557
0.03496281235151366 -0.003845406690879183 0.9993812158530171 0.05551488697528839 -0.9993821788025269 -0.0037231200962053457 0.03494852026429074 0.13364289700984955 0.003586425014851846 -0.99998567550947 -0.003973201666398418 0.13168928027153015
0.03171350537764145 0.01111075557501956 0.9994352428682984 0.07763153314590454 -0.9994922293825346 -0.00273702680280824 0.03174574126102042 0.1344970166683197 0.0030882002191006674 -0.999934527754109 0.011018313145571113 0.1355143040418625
0.03219854704923458 0.011307967750612768 0.9994175220763688 0.08642187714576721 -0.9994776052845535 -0.0024244703534515577 0.032227914579747496 0.13377952575683594 0.0027874903717314825 -0.9999331236682063 0.011223996105272305 0.1359342485666275
0.0319394590144822 0.011667278625632271 0.999421705571444 0.10608981549739838 -0.9994861714986958 -0.0023235264951753654 0.03196864412992645 0.13383278250694275 0.0026951698910962496 -0.9999292354132356 0.011587071466080068 0.1382514089345932
0.03430109058925396 0.015362939137277487 0.9992934580419568 0.11417803168296814 -0.9994093237060763 -0.0015805802532254387 0.03432936724477054 0.13215221464633942 0.002106863486561139 -0.999880733821353 0.015299648986874637 0.13757121562957764
0.03395149126909375 -0.02669437623691784 0.9990669179378958 0.12164178490638733 -0.9994177622716027 -0.0042888020363644475 0.03384882026178665 0.13350644707679749 0.0033812270888725626 -0.9996344414106662 -0.026824444988829077 0.13797308504581451
0.03496659749232367 -0.026499029503703864 0.9990371056648355 0.13588199019432068 -0.9993816428531163 -0.004625262556276488 0.03485597329715551 0.13185392320156097 0.0036971594523806384 -0.9996381387190304 -0.02664437333352654 0.14147350192070007
0.034430689750131305 -0.027002313501795105 0.999042242684903 0.15169666707515717 -0.9994004323856776 -0.004578461052154981 0.0343192867308475 0.13190363347530365 0.0036473758581261895 -0.999624886024725 -0.027143763361127393 0.14472563564777374
0.034292348830410435 0.007616368374500027 0.9993828224181547 0.16498243808746338 -0.9994049512421217 -0.0034526473109214306 0.034319421021897834 0.13105462491512299 0.0037119057673056233 -0.9999650344683708 0.007493436877984927 0.14823323488235474
0.03147994650104391 0.011694445546801324 0.9994359673894291 0.2159373164176941 -0.9995008033342883 -0.0023080977422516025 0.03150899584125799 0.13213464617729187 0.0026752761359566946 -0.9999289537903004 0.011615948925131903 0.16056972742080688
0.03512411649734687 -0.013096698608439983 0.9992971394564484 0.2420789748430252 -0.9993755018506416 -0.004322749207204268 0.03507021728004972 0.13143214583396912 0.0038604068514974665 -0.9999048906395305 -0.013240352491138974 0.16301316022872925
0.03420420354541298 0.016668354943805475 0.9992758570101107 0.27241790294647217 -0.9994079286388066 -0.0031547285581291495 0.0342613464652865 0.1321859359741211 0.0037235243672949503 -0.9998560964614815 0.016550581110472307 0.17431989312171936
0.03152610488224161 0.01370664548215611 0.9994089416152833 0.3099323511123657 -0.999498728331494 -0.0024665571188177138 0.03156276540016961 0.13452070951461792 0.0028977188753277483 -0.9999030172799792 0.013622013790679566 0.18341416120529175
0.03030028431420695 0.013792655940141563 0.999445674067678 0.33682015538215637 -0.9995358312938021 -0.0027476468668345966 0.03034093598594656 0.13652226328849792 0.0031646058658794662 -0.9999011016489641 0.013702999339618605 0.19038653373718262
0.030701934173917755 0.016132638464831595 0.999398383635947 0.35689449310302734 -0.9995251867364939 -0.0021115618782854284 0.030739915188742306 0.1374402940273285 0.0026062074662853707 -0.9998676308805067 0.01606014944032197 0.193960040807724
0.030842061387757802 0.01704337291967878 0.9993789524944351 0.365664005279541 -0.9995210913296229 -0.0019958913662975197 0.030880485826702997 0.13792043924331665 0.0025209594588285755 -0.9998527590886442 0.016973653296572577 0.19517576694488525
0.03157433050097641 0.017998407690233642 0.9993393412520251 0.3698941171169281 -0.9994979450198292 -0.002062820897696882 0.03161649365572561 0.13813716173171997 0.0026305046195767012 -0.9998358875788368 0.017924239311229384 0.19583839178085327
0.030461920055578573 0.01572129568293501 0.9994122834389105 0.37225431203842163 -0.9995323755411284 -0.0021866821521016044 0.030499978135637373 0.13889774680137634 0.0026648961773804714 -0.9998740217063424 0.015647333483644277 0.19680657982826233
0.03172373202967177 0.01872147441116756 0.9993213253113243 0.36984848976135254 -0.9994929330207981 -0.0021419491255703638 0.03176930744328549 0.13954971730709076 0.0027352637152743275 -0.9998224434617458 0.018644030749610796 0.1955704689025879
0.03193336901495869 0.01672781948501406 0.9993500087550065 0.36374175548553467 -0.999483918480927 -0.002953483091311493 0.0319870854508677 0.14015230536460876 0.003486637544433846 -0.999855718087818 0.016624871901089244 0.19604820013046265
0.0286759082997583 0.022707739866076215 0.9993308015033654 0.36272507905960083 -0.9995846030820803 -0.002232336814053437 0.02873391643317863 0.1410861611366272 0.002883325237311607 -0.9997396537211694 0.022634292855148896 0.19670331478118896
0.028595365856616484 0.05634909658423887 0.9980015452721835 0.34955358505249023 -0.9995876038757037 -0.0010168761675697358 0.02869822539616773 0.1396048665046692 0.002631963061229925 -0.9984106095575106 0.05629678048915737 0.1940402090549469
0.028816689937497864 0.056182807514037314 0.9980045543587898 0.3327711820602417 -0.9995805473153463 -0.0012627611870068556 0.028933282961618123 0.1387355774641037 0.002885794483082127 -0.9984197001131464 0.05612285288700314 0.1911821961402893
0.029650231309944042 0.05693453677426752 0.9979375342703402 0.2876232862472534 -0.9995558832660856 -0.001290898175483779 0.02977196349010164 0.1373133361339569 0.0029832886924058277 -0.998377079116002 0.056870975764247766 0.18211928009986877
0.0301140400339317 0.05659534709139513 0.9979429398920759 0.2713809907436371 -0.9995405623607672 -0.0017273578416819868 0.0302602120020386 0.136764258146286 0.0034363917640881647 -0.9983957045793475 0.05651732733553849 0.17928120493888855
0.03081544957795157 0.056408568181117835 0.9979321026518111 0.2451092004776001 -0.9995181400427674 -0.001984464223068083 0.030976598057143978 0.13602331280708313 0.003727706098289263 -0.9984057969270328 0.056320234993661455 0.1744537055492401
0.030864819079318595 0.056859934602462636 0.9979049607954679 0.20575152337551117 -0.9995166875206051 -0.0019486436226020531 0.031025701537096162 0.13548387587070465 0.003708680498211936 -0.9983802635394169 0.05677230895363017 0.16711220145225525
0.03240359133418824 0.04954441542219579 0.9982461410739939 0.15088653564453125 -0.9994673562261904 -0.0022654386108840185 0.03255566964646772 0.1339724063873291 0.003874416972467265 -0.9987693520970562 0.04944461755085422 0.15604621171951294
0.03465430150855603 0.01877412143250018 0.999223004014315 0.1272655576467514 -0.999389762282521 -0.003730645418063172 0.03473017894642627 0.13243389129638672 0.00437977531846212 -0.9998167905417483 0.01863338184435054 0.15107329189777374
0.0349971876875968 0.022044602641382582 0.9991442500201573 0.08302821218967438 -0.9993695068499269 -0.005212361623894657 0.0351200806496178 0.1328047513961792 0.005982109368194211 -0.9997434004686828 0.02184828567237418 0.14283804595470428
0.03526462192361257 0.022392002856108206 0.9991271213657834 0.06182323396205902 -0.9993613283969283 -0.004986250620144017 0.03538463804365238 0.13234972953796387 0.0057742311446485894 -0.9997368331280214 0.0222018634768123 0.1387712061405182
0.03483973691719372 0.022818739780204045 0.9991323725344826 0.03200973570346832 -0.999375170275622 -0.005161574733201391 0.03496608618140401 0.13219058513641357 0.005954978430903091 -0.9997262941731186 0.022624654047533277 0.13260315358638763
0.03544578714354507 0.022466396249033904 0.999119040561912 0.013046279549598694 -0.9993524827523399 -0.005387035411115848 0.03557520296798289 0.1310855746269226 0.006181536257945708 -0.9997330848226743 0.022260901159452895 0.12929873168468475
0.03493613884645447 0.021884918396564534 0.9991498969370296 -0.0047799646854400635 -0.9993688703167838 -0.005665985463239653 0.03506790057139836 0.130876824259758 0.006428626933986381 -0.9997444408225065 0.021673158520103986 0.12607112526893616
0.03550901670663964 0.023016828376797305 0.9991042665027512 -0.07193447649478912 -0.9993514863384736 -0.005160706078127797 0.03563669268967451 0.12850482761859894 0.005976327100379264 -0.999721757652722 0.022818650050803857 0.1109573245048523
0.03547047846457624 0.02102699702913452 0.9991494935961438 -0.13118329644203186 -0.9993532043750797 -0.005173727314896237 0.03558659088661181 0.12588873505592346 0.005917606167532952 -0.999765521480716 0.02082988227614635 0.09864451736211777
0.03459843975756138 0.019869195045743915 0.9992037645318279 -0.1600656807422638 -0.9993834195666365 -0.005291901725033243 0.03470989010972125 0.12526935338974 0.005977345701792036 -0.9997885830836272 0.019673852545815496 0.09244314581155777
0.03526533418399197 0.019636730181629647 0.999185045440866 -0.1711989939212799 -0.9993580172335612 -0.005627202762305716 0.03538202905540416 0.12402217835187912 0.006317404205598842 -0.999791344939956 0.01942567855332994 0.08985397219657898
0.03513826820561039 0.019727843983814053 0.9991877272461173 -0.1780489832162857 -0.9993620047012741 -0.0057032780800598815 0.03525700183782604 0.12411189079284668 0.006394190094261121 -0.9997891201602926 0.01951485439726991 0.08756451308727264
0.03475755380513451 0.019443850328584422 0.9992066098349642 -0.1895299106836319 -0.9993749068614045 -0.005784638559711508 0.03487597299706835 0.12488934397697449 0.006458172283388852 -0.9997942161470693 0.019230636225173903 0.08342686295509338
0.036142563610960854 0.010527694320767222 0.9992911901682693 -0.2036139816045761 -0.9993231576022721 -0.006474768045496793 0.03621193254414046 0.12459231913089752 0.006851406822836914 -0.9999236195985398 0.010286554014950045 0.07754913717508316
0.04289632847243957 -0.0002522947166855305 0.9990794970126056 -0.20965227484703064 -0.9990359606859244 -0.009349715128103508 0.042892098146112445 0.12276092171669006 0.009330287237646895 -0.9999562586305459 -0.0006531199459189341 0.07424674928188324
0.04275475944293344 0.012684024176966624 0.9990050781030371 -0.21447822451591492 -0.999034171428034 -0.009602496498181512 0.042877924158059355 0.10552613437175751 0.01013680739082884 -0.9998734457878561 0.01226122115617767 0.07194788753986359
0.04318105631825697 0.012269431420478594 0.9989919206018927 -0.2163008749485016 -0.9990216242161909 -0.009027300560887519 0.043293211858532465 0.0762014091014862 0.009549383419041935 -0.999883977718016 0.011867618931974022 0.07000532746315002
0.04244360077316528 0.010970065600949264 0.9990386370977448 -0.21711009740829468 -0.9990534134489593 -0.009071851488039961 0.04254384310992698 0.057452380657196045 0.009529838896396803 -0.9998986744522118 0.010574639441555456 0.07055169343948364
0.039965109542464794 0.010095421209602107 0.9991500750587267 -0.2172202467918396 -0.9991501128154869 -0.009695470521289273 0.04006307417273802 0.021003752946853638 0.010091683707801224 -0.9999020353624505 0.009699360699044868 0.0712389349937439
0.035264796397703746 0.008766016315182923 0.9993395574543172 -0.21736353635787964 -0.9993566272983304 -0.006230982014981179 0.03532005574790653 -0.027440860867500305 0.006536482994296322 -0.9999421642380579 0.00854064218746714 0.07256989181041718
0.03431767167018501 0.00738022963305951 0.999383724913359 -0.21629366278648376 -0.9993867656963981 -0.0067067840135047185 0.034367304216199435 -0.07339508831501007 0.006956289386590597 -0.9999502743930617 0.007145542611341871 0.07563826441764832
0.03515265942602036 0.007497398292998392 0.9993538310098753 -0.21610434353351593 -0.9993562226152517 -0.006912054351384478 0.03520459948385968 -0.1056319922208786 0.007171530900280387 -0.9999480049099951 0.007249594544984472 0.07721741497516632
0.0359766892672333 0.00648969957370954 0.9993315574066557 -0.21668067574501038 -0.9993277263188991 -0.006825813198634845 0.03602087845231827 -0.12328548729419708 0.007055015213895344 -0.9999556450531294 0.006239766559044457 0.08045417070388794
0.03522164065357569 0.00602953274661383 0.9993613364366905 -0.2189933806657791 -0.9993458475998549 -0.007996894473286886 0.03526934311425195 -0.14756983518600464 0.008204444807426103 -0.9999498459491061 0.005743924769813169 0.08687824010848999
0.035389279727542355 0.005440297965027263 0.9993587954475696 -0.219669371843338 -0.9993353917443204 -0.008551910593705858 0.035435005748874315 -0.16549146175384521 0.008739204059367733 -0.999948632672323 0.005134036341880921 0.0892798900604248
