2.0861626953694312e-07 2.0861622568313365e-07 0.9999999999999563 0.0 -0.9999999999999563 2.0861626953694312e-07 2.0861622568313365e-07 0.0 -2.0861622568313365e-07 -0.9999999999999563 2.0861626953694312e-07 0.0
2.0861626953694312e-07 2.0861622568313365e-07 0.9999999999999563 0.0 -0.9999999999999563 2.0861626953694312e-07 2.0861622568313365e-07 0.0 -2.0861622568313365e-07 -0.9999999999999563 2.0861626953694312e-07 0.0
2.0861626953694312e-07 2.0861622568313365e-07 0.9999999999999563 0.0 -0.9999999999999563 2.0861626953694312e-07 2.0861622568313365e-07 0.0 -2.0861622568313365e-07 -0.9999999999999563 2.0861626953694312e-07 0.0
2.0861626953694312e-07 2.0861622568313365e-07 0.9999999999999563 0.0 -0.9999999999999563 2.0861626953694312e-07 2.0861622568313365e-07 0.0 -2.0861622568313365e-07 -0.9999999999999563 2.0861626953694312e-07 0.0
2.0861626953694312e-07 2.0861622568313365e-07 0.9999999999999563 0.0 -0.9999999999999563 2.0861626953694312e-07 2.0861622568313365e-07 0.0 -2.0861622568313365e-07 -0.9999999999999563 2.0861626953694312e-07 0.0
2.0861626953694312e-07 2.0861622568313365e-07 0.9999999999999563 0.0 -0.9999999999999563 2.0861626953694312e-07 2.0861622568313365e-07 0.0 -2.0861622568313365e-07 -0.9999999999999563 2.0861626953694312e-07 0.0
2.0861626953694312e-07 2.0861622568313365e-07 0.9999999999999563 0.0 -0.9999999999999563 2.0861626953694312e-07 2.0861622568313365e-07 0.0 -2.0861622568313365e-07 -0.9999999999999563 2.0861626953694312e-07 0.0
2.0861626953694312e-07 2.0861622568313365e-07 0.9999999999999563 0.0 -0.9999999999999563 2.0861626953694312e-07 2.0861622568313365e-07 0.0 -2.0861622568313365e-07 -0.9999999999999563 2.0861626953694312e-07 0.0
2.0861626953694312e-07 2.0861622568313365e-07 0.9999999999999563 0.0 -0.9999999999999563 2.0861626953694312e-07 2.0861622568313365e-07 0.0 -2.0861622568313365e-07 -0.9999999999999563 2.0861626953694312e-07 0.0
2.0861626953694312e-07 2.0861622568313365e-07 0.9999999999999563 0.0 -0.9999999999999563 2.0861626953694312e-07 2.0861622568313365e-07 0.0 -2.0861622568313365e-07 -0.9999999999999563 2.0861626953694312e-07 0.0
2.0861626953694312e-07 2.0861622568313365e-07 0.9999999999999563 0.0 -0.9999999999999563 2.0861626953694312e-07 2.0861622568313365e-07 0.0 -2.0861622568313365e-07 -0.9999999999999563 2.0861626953694312e-07 0.0
2.0861626953694312e-07 2.0861622568313365e-07 0.9999999999999563 0.0 -0.9999999999999563 2.0861626953694312e-07 2.0861622568313365e-07 0.0 -2.0861622568313365e-07 -0.9999999999999563 2.0861626953694312e-07 0.0
2.0861626953694312e-07 2.0861622568313365e-07 0.9999999999999563 0.0 -0.9999999999999563 2.0861626953694312e-07 2.0861622568313365e-07 0.0 -2.0861622568313365e-07 -0.9999999999999563 2.0861626953694312e-07 0.0
2.0861626953694312e-07 2.0861622568313365e-07 0.9999999999999563 0.0 -0.9999999999999563 2.0861626953694312e-07 2.0861622568313365e-07 0.0 -2.0861622568313365e-07 -0.9999999999999563 2.0861626953694312e-07 0.0
2.0861626953694312e-07 2.0861622568313365e-07 0.9999999999999563 0.0 -0.9999999999999563 2.0861626953694312e-07 2.0861622568313365e-07 0.0 -2.0861622568313365e-07 -0.9999999999999563 2.0861626953694312e-07 0.0
2.0861626953694312e-07 2.0861622568313365e-07 0.9999999999999563 0.0 -0.9999999999999563 2.0861626953694312e-07 2.0861622568313365e-07 0.0 -2.0861622568313365e-07 -0.9999999999999563 2.0861626953694312e-07 0.0
2.0861626953694312e-07 2.0861622568313365e-07 0.9999999999999563 0.0 -0.9999999999999563 2.0861626953694312e-07 2.0861622568313365e-07 0.0 -2.0861622568313365e-07 -0.9999999999999563 2.0861626953694312e-07 0.0
2.0861626953694312e-07 2.0861622568313365e-07 0.9999999999999563 0.0 -0.9999999999999563 2.0861626953694312e-07 2.0861622568313365e-07 0.0 -2.0861622568313365e-07 -0.9999999999999563 2.0861626953694312e-07 0.0
2.0861626953694312e-07 2.0861622568313365e-07 0.9999999999999563 0.0 -0.9999999999999563 2.0861626953694312e-07 2.0861622568313365e-07 0.0 -2.0861622568313365e-07 -0.9999999999999563 2.0861626953694312e-07 0.0
2.0861626953694312e-07 2.0861622568313365e-07 0.9999999999999563 0.0 -0.9999999999999563 2.0861626953694312e-07 2.0861622568313365e-07 0.0 -2.0861622568313365e-07 -0.9999999999999563 2.0861626953694312e-07 0.0
2.0861626953694312e-07 2.0861622568313365e-07 0.9999999999999563 0.0 -0.9999999999999563 2.0861626953694312e-07 2.0861622568313365e-07 0.0 -2.0861622568313365e-07 -0.9999999999999563 2.0861626953694312e-07 0.0
-0.004925924602312337 0.025594009067458123 0.9996602832796085 -0.007672915235161781 -0.9999793425870066 -0.004253896170434146 -0.004818585542372689 -0.0003834441304206848 0.004129124128714579 -0.9996633688733553 0.025614434733244373 0.02416571043431759
-0.004907911891635308 0.08445364811552886 0.9964153219018876 -0.010208831168711185 -0.9999873065202607 0.0007212698730920675 -0.0049866389606790795 -0.00027083978056907654 -0.0011398242048396567 -0.9964271479088417 0.08444903617587035 0.020236968994140625
-0.0004636776065835013 0.17425929148119745 0.9846996924624014 -0.029617775231599808 -0.9998711699751764 0.015718303831504965 -0.003252441718491317 -0.0006812848150730133 -0.016044577138361493 -0.9845743416609694 0.1742295534268502 0.018720397725701332
-0.0046309171839274965 0.21822786832068647 0.9758868541456251 -0.036922574043273926 -0.9999504995129986 -0.009604825997981625 -0.0025972757368066257 0.0004327259957790375 0.008806425480302027 -0.9758505750399276 0.21826154508869006 0.00706428661942482
-9.67087908469999e-05 0.23741876263319844 0.9714073922907582 -0.038686566054821014 -0.9999904466030451 -0.00426806062709062 0.0009435894901070885 5.112960934638977e-05 0.004370051493075733 -0.971398020796936 0.2374169072364969 0.005359819158911705
0.002248661002064778 0.24781310313610527 0.9688052484569599 -0.043196842074394226 -0.9999931952255712 -0.002276092586141254 0.0029032576688766687 0.0005738399922847748 0.0029245557355556118 -0.9688051843980777 0.24780629866320236 0.0037061236798763275
0.004594381393743796 0.2544926583219548 0.967063792373509 -0.046618662774562836 -0.9999809170110129 -0.002824862788217253 0.005494157263960742 0.0005715005099773407 0.0041300452082526085 -0.9670705801597173 0.2544748233443249 0.00190667062997818
0.005963056192872074 0.2569532721116561 0.9664054314375277 -0.04778916761279106 -0.9999631956446466 -0.0044291747585090135 0.007347772935033692 0.00048645585775375366 0.006168412841799531 -0.9664136786915176 0.25691740369414706 0.0014238357543945312
0.007302879888311242 0.25413082074458354 0.9671422821348579 -0.048499904572963715 -0.9999503494740454 -0.004701547474022405 0.008786013776659274 0.0004007890820503235 0.006779862245727242 -0.9671584262151851 0.25408386817918055 0.0013127215206623077
0.007953276197836034 0.24189144829151343 0.9702707213150126 -0.05062507092952728 -0.9999570438308681 -0.002694738021761789 0.008868420379362307 0.0004235394299030304 0.00475982045375184 -0.9702995751985197 0.24185962556578133 0.003256801515817642
0.007341774772428589 0.21859754158164746 0.9757874836037049 -0.04667399451136589 -0.9999562890866447 -0.004044711591004724 0.008429722665195205 0.00031313300132751465 0.005789495596115968 -0.975806720166758 0.21855829112192715 0.00634969025850296
0.005102126317936717 0.2087995725884903 0.977945145084273 -0.04937867820262909 -0.9999756871065792 -0.0035832272012139565 0.005982113217689877 0.000746406614780426 0.004753262328190622 -0.977951889905474 0.2087762139889291 0.0074942149221897125
0.003918239243404176 0.19802714688182066 0.9801887045355486 -0.04892042651772499 -0.9999908690694694 -0.0008959438622516691 0.0041784042746978445 0.0008176937699317932 0.001705631530714291 -0.9801961264881848 0.19802182818729835 0.008236266672611237
0.007780881552258978 0.19031986333368217 0.9816912994943566 -0.0479448139667511 -0.9999696982952853 0.001722127275448626 0.007591888360848398 0.0005620718002319336 -0.00024571020764874163 -0.9817206241585719 0.19032749598573007 0.01063951849937439
0.026527670816311577 0.1817672104708749 0.9829837047879777 -0.04371965304017067 -0.9996435171143847 0.001852676561566513 0.02663468191552254 -0.0008358433842658997 0.003020160963301155 -0.9833398439945342 0.18175156076513038 0.012999048456549644
0.03903911322243747 0.17702815803814664 0.9834312273364249 -0.039098139852285385 -0.9992254164823499 0.0020395817892002732 0.03929894606474649 -0.00012746453285217285 0.004951231612476237 -0.9842036737219316 0.17697065840916526 0.014832081273198128
0.04655193835786153 0.17526006124138716 0.9834209820665769 -0.03765864670276642 -0.99888344918267 0.00023542143720745035 0.04724192550773937 0.0004733353853225708 0.008048104376669418 -0.9845221457694142 0.175075333800996 0.015552574768662453
0.05563438535864673 0.17229752654899916 0.9834726114696143 -0.037289999425411224 -0.9984265834508348 0.002682463311733496 0.05601037269358944 0.0003302730619907379 0.007012319477830875 -0.9850413020455937 0.1721756679669419 0.016537807881832123
0.06778063123553679 0.1708792105691581 0.9829578228106095 -0.0347139909863472 -0.9976586531755005 0.0026121314302319787 0.06834024080611334 8.828938007354736e-05 0.009110311375498836 -0.9852885222941818 0.17065617498933044 0.017029933631420135
0.08617114593206465 0.16974841590052536 0.9817127934930955 -0.03533530235290527 -0.9961802379951892 0.0007118232771188282 0.08731796341801795 -0.0002515949308872223 0.0141232799520149 -0.9854871732330586 0.16916135597858228 0.017122376710176468
0.1019912384210312 0.17000739358922756 0.9801506381216827 -0.037148404866456985 -0.994612952433943 -0.0009126316028990056 0.1036544352847108 1.12093985080719e-05 0.018516536824668528 -0.9854423642347403 0.16899847524597927 0.0167252104729414
0.11775563234242414 0.17058273715758349 0.9782817287650132 -0.03790568932890892 -0.9928359881076969 0.00012873385619094346 0.11948507917647211 -0.00028387829661369324 0.020256153876027916 -0.9853433478800278 0.16937583953660446 0.0164518840610981
0.12596825707486814 0.17121814860267703 0.9771470430792857 -0.03811434283852577 -0.9918100626442824 0.0007957812861528746 0.1277190916413406 -0.0004108734428882599 0.021090231081343946 -0.9852328213783867 0.16991612587308869 0.016328182071447372
0.1331804959311682 0.17169563656835585 0.9761063281666167 -0.03790359944105148 -0.9908716006959096 0.002307031905689705 0.13478927456630796 -0.0002513676881790161 0.020890821856823283 -0.9851473422728059 0.17043558189231894 0.016409162431955338
0.13550192975964848 0.17264503977307372 0.9756192481051023 -0.03860091790556908 -0.9904748117684132 -0.0007175326752405509 0.1376921653515063 -0.0007048957049846649 0.024471908052660474 -0.9849838452424556 0.17090333620982462 0.01607970893383026
0.14006253841841843 0.17254419496035922 0.9749928133669862 -0.03835631534457207 -0.9898787733222538 0.0016684833790489018 0.14190570914957595 -0.00046282634139060974 0.022858247041697477 -0.9850003639332807 0.17103152806861466 0.016200218349695206
0.14590362651487498 0.17340536093047476 0.973982911847215 -0.0383077934384346 -0.9890146959609251 0.0019734920540112055 0.14780404765239707 -0.00048805028200149536 0.02370786669287578 -0.9848485599977718 0.1717883899662263 0.01614224538207054
0.15669319371423363 0.1737840779030208 0.9722377987462894 -0.03904173523187637 -0.9873555017078692 0.003634783860408608 0.15847997221570226 -0.0008519105613231659 0.024007421578239985 -0.9847770725467184 0.17215621131832498 0.01598837412893772
0.17223647163729022 0.1744698858781203 0.9694817464808777 -0.03940195217728615 -0.9846620331749797 0.002674434263597647 0.17445207887865744 -0.0010564811527729034 0.02784381909243905 -0.9846588781517414 0.17225450767774436 0.015699118375778198
0.19226520580077372 0.17610073428123058 0.9654131872022451 -0.039375513792037964 -0.9807880471744854 0.0014022701424244999 0.1950713719593592 -0.0010932013392448425 0.032998441751773855 -0.9843711520681916 0.17298710303920278 0.01556311547756195
0.2075269745491396 0.17829958831435389 0.961842924619926 -0.04087849706411362 -0.9775101799291139 0.00010317863879116818 0.21088821088225795 -0.0019053630530834198 0.03750203953696413 -0.983976242681245 0.1743110750051975 0.01480475626885891
0.21454213541331457 0.17892300116510146 0.9601865609278062 -0.041653137654066086 -0.9759443638216412 0.00023306897490804612 0.21801959637524454 -0.0023060478270053864 0.03878493079878703 -0.9838630521230716 0.1746688976607092 0.0147461649030447
0.2195552891514388 0.17990690707195706 0.9588685936005155 -0.041733380407094955 -0.9747015810515389 -0.001721480649142404 0.22350361160394083 -0.002394329756498337 0.0418605172120306 -0.9836821342751818 0.17497758658343765 0.014721129089593887
0.2235190757152795 0.1797202827240138 0.957987391758883 -0.04172950237989426 -0.9737914439014146 -0.0012414737617840732 0.22743940407787067 -0.002344142645597458 0.04206479021444459 -0.9837169708409526 0.17473258054442897 0.014719503000378609
0.2272329972997429 0.1808920074698145 0.9568924947828339 -0.042009759694337845 -0.9727051108063595 -0.0052730222929890935 0.23198483279534843 -0.002523403614759445 0.04700991756388362 -0.9834888290516768 0.17475637550944634 0.014598643407225609
0.23105569383942492 0.17761748618093542 0.9565904530922035 -0.042454592883586884 -0.9724944583247799 0.012392740621106846 0.2325961059594312 -0.002740565687417984 0.029458358270189944 -0.9840215691653629 0.17559543429531982 0.01436971127986908
0.23253244574526988 0.17634529881765837 0.9564679802589493 -0.042455531656742096 -0.972306636368486 0.0184691928918731 0.2329778826149026 -0.002743542194366455 0.02341936270532763 -0.9841550815287362 0.1757563909268814 0.014381803572177887
0.2325876370849847 0.17479595973986284 0.9567389213018586 -0.042877938598394394 -0.9724709272203172 0.02737608168921707 0.2314105569385328 -0.0029432587325572968 0.01425786752919378 -0.9842240205410382 0.1763513271953301 0.014268685132265091
0.22976040528850622 0.17405343015993396 0.9575570790356167 -0.04276900365948677 -0.9731899980791809 0.03041830019893793 0.22798235600951944 -0.00270245224237442 0.010553852391676555 -0.9842662904227536 0.17637597834491636 0.014358937740325928
0.21787744554373817 0.17428343128902085 0.960288865030445 -0.043066009879112244 -0.9758800517037316 0.02509709035375224 0.2168600026341816 -0.002833668142557144 0.013694648957060185 -0.9843756506709724 0.17554781387428958 0.015087461099028587
0.2001110143379925 0.1761355030990318 0.9638111155660485 -0.04308392480015755 -0.9795763868113628 0.016249345968481932 0.2004147229052597 -0.002643287181854248 0.019638847782269653 -0.9842318036436577 0.17578985281903303 0.015209205448627472
0.17235947271047136 0.17929586922715907 0.9685789608726001 -0.043011754751205444 -0.9846299457280727 0.003194883043169394 0.17462434737994853 -0.00227360799908638 0.0282149276536508 -0.9837900101141595 0.17709075034309768 0.015333514660596848
0.14703256297449785 0.1797887092431102 0.9726548439471461 -0.04411766305565834 -0.9889187938443406 0.006320233666146202 0.14832287021177953 -0.002737153321504593 0.020519371496354133 -0.9836849468580384 0.17872571364605844 0.014990780502557755
0.11759224300652049 0.1809346264994462 0.9764398216573313 -0.04561156779527664 -0.9929179764519109 0.0046786867205349525 0.11870973813977226 -0.003535788506269455 0.016910246105177162 -0.983483996221635 0.180203420479705 0.01437775231897831
0.09714281933395419 0.18181699266101936 0.9785222807026694 -0.046708639711141586 -0.9951847063331098 0.004839236868194319 0.09789781441490786 -0.003969680517911911 0.013064185107878878 -0.9833204782603873 0.18141158756052667 0.013935953378677368
0.08631215596720476 0.18145780429873926 0.9796036325940065 -0.04545117914676666 -0.9962210786220792 0.006162540816044837 0.08663478285164566 -0.003175795078277588 0.00968371010275132 -0.9833794223745844 0.18130399170695288 0.014581646770238876
0.07200805483091677 0.18157200287960656 0.9807377059182318 -0.04499668627977371 -0.9973471264120919 0.0026027555930663304 0.07274568785065993 -0.002850901335477829 0.010655959694489125 -0.9833742082409987 0.18127773467632052 0.014898061752319336
0.0642417961792231 0.18083874599644917 0.9814124207335562 -0.04466317594051361 -0.9978949657161102 0.0029024501924101997 0.06478590264342732 -0.0025947056710720062 0.008867300722893767 -0.983508476694183 0.1806445328499523 0.015131358057260513
0.05078007713767729 0.18130651045919854 0.9821147249843067 -0.04450017958879471 -0.998677313719546 0.0012794021111720566 0.05140025478681515 -0.0024829991161823273 0.008062681179552944 -0.9834258042147088 0.18113166696315258 0.015264371410012245
0.041595549140567956 0.18093579318525677 0.9826149037319334 -0.045520007610321045 -0.9991305781185008 0.004766318854536045 0.04141702636799749 -0.0029024556279182434 0.002810366574862666 -0.9834833607890877 0.18097674129764846 0.01484844833612442
0.030506207116580142 0.18208462610012288 0.982809523898369 -0.04493541270494461 -0.9995244440500709 0.0011297058253261216 0.030815734798068872 -0.0025824904441833496 0.004500785904372917 -0.9832822141698316 0.1820324977126785 0.015193173661828041
0.01742447660446178 0.1808422493906795 0.9833577520162132 -0.04512053355574608 -0.9998473583502446 0.004414173455926096 0.01690488310338001 -0.0024034306406974792 -0.0012835946005276266 -0.9835022094067816 0.18089155999349754 0.015729552134871483
0.0029567775832036736 0.17942385367189545 0.9837674207859546 -0.044159140437841415 -0.9999852729967693 0.0050076406275038066 0.0020922057551931994 -0.0017834566533565521 -0.0045509620850709975 -0.983759119027047 0.17943601777577506 0.016330229118466377
-0.011955746415292956 0.17915586634818992 0.9837480549819058 -0.04657737910747528 -0.9999034898371341 0.004820049584278729 -0.01302989384167852 -0.002720903605222702 -0.007076096323081371 -0.9838088954034897 0.17908094869581148 0.015364989638328552
-0.02481671183593326 0.1789658412707883 0.9835422504762523 -0.0503629632294178 -0.9996488089090049 0.004704749132779074 -0.026079190601038582 -0.003264792263507843 -0.009294603835555748 -0.9838440389583282 0.17878623365825314 0.014868523925542831
-0.03909819201176479 0.17787910751839148 0.9832753197807171 -0.05099271237850189 -0.999184978000238 0.0029230377354085846 -0.04025960244539617 -0.003332003951072693 -0.01003549301604717 -0.9840480064300002 0.17761984664182945 0.014689739793539047
-0.048667800530067584 0.17705723758226216 0.9829965309253661 -0.05152396857738495 -0.9987080565906428 0.005776497172434336 -0.05048613454562195 -0.003362521529197693 -0.014617212200257634 -0.9841836041614163 0.17654736023893808 0.014508578926324844
-0.05804689383018202 0.17666413362546435 0.9825580603745673 -0.05336688086390495 -0.9982108004529116 0.003870591395181533 -0.0596675488134813 -0.0037127621471881866 -0.01434419659044095 -0.9842635838090403 0.17612337042981868 0.014468900859355927
-0.06167075186658011 0.1788888753503775 0.9819345643372006 -0.05373957380652428 -0.997965259883161 0.0049046617040857665 -0.06357109689083434 -0.0037684477865695953 -0.01618821888121419 -0.9838570600292738 0.1782224088043035 0.014235816895961761
-0.06237313006223588 0.1785669592767365 0.9819487938283236 -0.054475948214530945 -0.9979530184860346 0.0027605673047316204 -0.06389172217719924 -0.004194572567939758 -0.014119686287299593 -0.9839238894969551 0.17802925078854842 0.014171931892633438
-0.06029734227544825 0.17884961288594148 0.9820270090405183 -0.05463273078203201 -0.9980831198414536 0.002936394633673456 -0.06181798665522803 -0.0043329112231731415 -0.013939741822144858 -0.9838720412518613 0.17832972281935422 0.01412373036146164
-0.05798111733969813 0.17717010827967317 0.9824708355794632 -0.05615907162427902 -0.9982598143434515 0.0003066038805257243 -0.05896820381390233 -0.004427328705787659 -0.01074863242545887 -0.9841801962680559 0.1768440221629023 0.014754649251699448
-0.04997661717263513 0.1782285523973594 0.9827191464738649 -0.05580015853047371 -0.9987154177437463 -0.000684199400821206 -0.05066602640935963 -0.00418391078710556 -0.008357756691473595 -0.983988879500943 0.17803379713291662 0.014759518206119537
-0.040168808294392844 0.17786960446878664 0.9832338840003052 -0.05543089658021927 -0.9991793494835495 -0.0020242556211349516 -0.0404540474465927 -0.0040588900446891785 -0.005205228701908926 -0.9840519834822232 0.17780494762200277 0.014947820454835892
-0.020935270400383565 0.17803703812585459 0.9838010609409991 -0.056821200996637344 -0.9997758196645036 -0.0006117681774908679 -0.021164502211642067 -0.00418853759765625 -0.003166207105103347 -0.9840235966657862 0.17800993325513503 0.015636295080184937
0.0023224641045257455 0.17655407507815435 0.9842882020697906 -0.056225407868623734 -0.9999735169000933 -0.006378858122460751 0.003503664868776124 -0.004129450768232346 0.006897221102905582 -0.98427027220289 0.17653458470992756 0.01587112993001938
0.02881239162248217 0.17439100484595665 0.9842548569947775 -0.057195816189050674 -0.9994955138007138 -0.008137052434137648 0.030700264981444736 -0.004337571561336517 0.013362783439072434 -0.9846428620604029 0.17406857904934725 0.01595757156610489
0.06475435528042961 0.17361114061147076 0.9826830848894265 -0.05668393522500992 -0.9976222169789838 -0.012022757567440978 0.06786284322375347 -0.004302073270082474 0.023596306112463883 -0.9847408923955877 0.17241980507409316 0.016136322170495987
0.08802667234517048 0.17338305161628803 0.9809126476746333 -0.05642841011285782 -0.99568626011699 -0.013678449882083998 0.09177020988896611 -0.004302181303501129 0.029328763527936175 -0.984759471861554 0.17143105380553297 0.016208238899707794
0.1037605496042826 0.17475239287207223 0.97912989410563 -0.05702245607972145 -0.9940243641949591 -0.015335021560368034 0.108075901571768 -0.004379097372293472 0.03390150044798357 -0.9844929853986915 0.1721169659509118 0.016034189611673355
0.109319265676875 0.17418667889364886 0.978625719592465 -0.05681444704532623 -0.9933857954106149 -0.01564792212218291 0.11375325933650582 -0.00441284105181694 0.03512776150410196 -0.984588311645664 0.1713239532069346 0.01622716709971428
0.11799348189430336 0.17244090180820953 0.977927233291941 -0.05761939659714699 -0.9923777775790894 -0.014780410964678081 0.12234331211350513 -0.004765622317790985 0.035551157472661576 -0.9849089677910781 0.16938252674661386 0.01672549545764923
0.12221342183160866 0.17324746894969112 0.9772661838141821 -0.05757321044802666 -0.991891656669497 -0.013258454040350198 0.126392859077957 -0.004680495709180832 0.03485428171185995 -0.9847890778735238 0.17022235795383822 0.016586080193519592
0.12884719380890386 0.17276443355995152 0.9764992837397681 -0.05824029818177223 -0.9910857333616457 -0.011202452010537711 0.1327538104762373 -0.0048727914690971375 0.03387432323427131 -0.9848994646996518 0.16978096082823696 0.016565483063459396
0.13462462548277931 0.17265844253781676 0.9757383217000533 -0.05850643664598465 -0.9902809719599797 -0.011264360150988528 0.13862435126768513 -0.005021858960390091 0.0349257324564442 -0.9849173449639336 0.16946391002681555 0.016494225710630417
0.13966913209191134 0.17269536820335868 0.9750224835057901 -0.058674488216638565 -0.9895214319891712 -0.012057688913243436 0.1438817145163751 -0.005162551999092102 0.03660422345566655 -0.9849014782906858 0.1692016810969375 0.01642502471804619
0.1449678073384717 0.17162662367512443 0.9744376003015036 -0.05875251442193985 -0.9886926198393864 -0.013051516934030727 0.14938728654357197 -0.005229707807302475 0.038356724450953006 -0.9850756112865642 0.16779392640317992 0.016447115689516068
0.14653264390742482 0.17156493125387062 0.9742143802230361 -0.05894217640161514 -0.988462523577918 -0.012776773307763944 0.1509257882067071 -0.005253255367279053 0.0383408887673935 -0.9850899595609005 0.1677132905312806 0.01634804904460907
0.1474677357974652 0.17014553777769875 0.9743222069075028 -0.05915086716413498 -0.9883583467084249 -0.01192996827715298 0.15167549027016503 -0.005210373550653458 0.037430540879845486 -0.9853467267065151 0.16640547700781488 0.016338467597961426
0.16510157029608785 0.16940984163408151 0.9716181230520977 -0.05926477909088135 -0.9852530003181328 -0.016540660013535713 0.17030247188586 -0.0053355880081653595 0.04492211982847055 -0.9854068764342129 0.1641806658114301 0.016335293650627136
0.17770705952080945 0.16923575822274578 0.9694222295446087 -0.05925002694129944 -0.9827778545092005 -0.020206514958040822 0.18368283926252743 -0.005306042730808258 0.05067434935705095 -0.9853684361151533 0.16273031501603114 0.016006488353013992
0.17941239933120345 0.16758935422959043 0.9693941403346368 -0.059236444532871246 -0.9824427683502944 -0.020722012260273925 0.18540983017115004 -0.0052943602204322815 0.05116051096725316 -0.9856390853435115 0.16092916317677064 0.016011815518140793
0.17893826537105562 0.16724011493710328 0.9695420780666624 -0.059187810868024826 -0.9825848322388526 -0.019785003772905152 0.18475822330779257 -0.005289867520332336 0.05008138017410951 -0.9857176561173745 0.16078730602359664 0.015997879207134247
0.17800973428780986 0.16649202283778275 0.969841709161947 -0.05921849608421326 -0.9828188539165535 -0.018777341442162587 0.18361511875256042 -0.005274094641208649 0.04878150146249782 -0.9858639955793841 0.16028894951092737 0.016023091971874237
0.177701482059326 0.16640101528443602 0.969913854621238 -0.05920327827334404 -0.9828945596615115 -0.018441294788480778 0.183243562599967 -0.005306273698806763 0.04837838217347351 -0.9858857036993859 0.1602776072302181 0.016008391976356506
0.176855571548455 0.16561122875446738 0.970203601169726 -0.05918947979807854 -0.9830522453867359 -0.018625396918659498 0.18237702001545958 -0.005289949476718903 0.0482741095450373 -0.9860152207243345 0.15951048507096915 0.016038786619901657
0.1759669881253264 0.16528053383850005 0.9704215394477607 -0.05920004844665527 -0.9832442563993787 -0.01816393265232852 0.1813857872277616 -0.005288522690534592 0.04760621123061898 -0.9860793156154644 0.1593148830699867 0.016042642295360565
0.1754174832873422 0.16535447710252726 0.9705084252386913 -0.05923612415790558 -0.9833606182140524 -0.017862607579587575 0.18078390911841163 -0.005303964018821716 0.04722923991354805 -0.9860724233810656 0.15946966716144206 0.016036201268434525
0.17485794308814162 0.16549733380048165 0.9705850463735346 -0.05915147066116333 -0.9834833212276854 -0.017444490913871014 0.18015617281602436 -0.005310088396072388 0.04674672829135296 -0.9860559427546127 0.15971355970100515 0.016063768416643143
0.17378154986156158 0.16544007638323316 0.9707881097613544 -0.05916884168982506 -0.9836923976083207 -0.01724484691015482 0.1790303944659637 -0.005306903272867203 0.04635989447040273 -0.9860690626834183 0.15974530917475438 0.01605869084596634
0.1736686321905495 0.1647047672748832 0.9709333374799685 -0.05958492308855057 -0.9837833703032457 -0.015862553430212145 0.17865794052731343 -0.0056353844702243805 0.044827296459311106 -0.986215351247181 0.15927898309742167 0.016007129102945328
0.17320111959275009 0.1648392255483096 0.9709940277326382 -0.059603095054626465 -0.9838819932653133 -0.015556782052211227 0.17814098310173881 -0.005641516298055649 0.04447016415634064 -0.9861977571728773 0.159487893732078 0.015996024012565613
0.17294415607436153 0.16567526178253866 0.9708975365675895 -0.05956481024622917 -0.983944866683142 -0.015052312621225306 0.1778367993769755 -0.005622334778308868 0.04407741153494216 -0.9860654823682046 0.1604121138640695 0.01601005718111992
0.1715810741188344 0.17006640376386822 0.970380004593588 -0.05974552407860756 -0.9842952766422166 -0.01190511584104137 0.17612801195901112 -0.005471441894769669 0.0415059439604657 -0.985360688543863 0.16535286537678867 0.015921592712402344
0.17111765128301093 0.1766555584850546 0.9692840466425305 -0.059830497950315475 -0.9845151123400655 -0.007347588270173122 0.1751456722863577 -0.005372818559408188 0.03806235664556351 -0.9842453081437298 0.17266276496002386 0.015817783772945404
0.1711878894698412 0.18228999310278082 0.9682277959826653 -0.05993647128343582 -0.9846287397679676 -0.0029128837614343928 0.17463607854947005 -0.005341794341802597 0.034654744578566765 -0.9832404962789016 0.17898931575771154 0.015743114054203033
0.17097295632771192 0.18808615717906363 0.9671565776450961 -0.06004420667886734 -0.9847398364844967 0.0002497732638238048 0.17403273270796915 -0.0053037069737911224 0.032491578063385984 -0.9821525009340093 0.18525863613883603 0.01573505997657776
0.16963558664254796 0.1943120033309354 0.966160759452565 -0.06018930301070213 -0.9850218772501551 0.002677779682426884 0.17240861589419665 -0.005160707980394363 0.03091389789429494 -0.9809361217008428 0.1918558210206044 0.015454508364200592
0.1691713706503678 0.20111316327687828 0.9648494923608777 -0.06022728979587555 -0.9851469146303602 0.00526454261803555 0.17163286743891587 -0.0050918832421302795 0.029438137620397764 -0.9795538679152824 0.19901662218430893 0.015344932675361633
0.16888318724252416 0.20581891210164943 0.9639071762820837 -0.06043603643774986 -0.9852456483429008 0.0077286023093526834 0.17097157988309297 -0.005073171108961105 0.0277395293432231 -0.9785595761769629 0.2040874184857535 0.01511586457490921
0.16894260389344407 0.20926858881129878 0.9631537023376021 -0.06044447422027588 -0.9852544803829859 0.009032152701921037 0.17085675024072428 -0.0050616152584552765 0.02705559969682725 -0.9778164848040232 0.2077087301259828 0.015124648809432983
0.16872008905590763 0.21400648866455552 0.9621511078611479 -0.06063137948513031 -0.985274441520766 0.009176154664969016 0.1707339247821219 -0.0051378123462200165 0.027709320361735013 -0.976789138450583 0.21240332523305439 0.014974631369113922
0.1691872535534129 0.2155225832254672 0.9617305700428133 -0.06079782918095589 -0.9851846854265243 0.009210444806536211 0.17124924323192164 -0.005276929587125778 0.028050112942612282 -0.9764554182482101 0.21388783821811713 0.01500280573964119
0.16921950471354819 0.21580725053728933 0.9616610576705482 -0.062196001410484314 -0.9851445818674437 0.008090063740170739 0.1715363042795891 -0.005539886653423309 0.029238878940911206 -0.9764024690076402 0.21397034017373312 0.015584893524646759
0.16958257204674176 0.21924467981564388 0.9608191929965533 -0.062215469777584076 -0.985122352023356 0.010158876422821428 0.17155392380763956 -0.005545768886804581 0.027851441649996145 -0.9756170189179574 0.2177056030414815 0.015598464757204056
0.1695015148507918 0.22245015039855598 0.960096436328636 -0.062358755618333817 -0.985162586836304 0.011648845621487047 0.17122786541240448 -0.005527537316083908 0.02690564924488098 -0.9748744713979061 0.22112406258787143 0.015546701848506927
0.16983081491713725 0.22753019632653398 0.958846965925319 -0.06238606572151184 -0.9851307597151324 0.013548467665502772 0.17127120390481015 -0.005526494234800339 0.025978463535538565 -0.9736767681235523 0.22644794246980238 0.015532076358795166
0.17050357933599836 0.22767756833864916 0.9586925754948833 -0.06437701731920242 -0.9849670501907573 0.012009735887882123 0.1723243345625381 -0.005922358483076096 0.027720740829407453 -0.973662513974582 0.22630260583688772 0.01676584780216217
0.16992575102799357 0.22894223696184612 0.9584939703892132 -0.06432250142097473 -0.9850889306204076 0.012886266717730965 0.17156265007052363 -0.005769744515419006 0.026926527936475986 -0.9733547124584054 0.22771817193254662 0.016749199479818344
0.1703096876891923 0.23003108590346832 0.9581650743986033 -0.0643702894449234 -0.985033584564773 0.01357080125125254 0.17182744435297098 -0.005805402994155884 0.02652258582197664 -0.973088656223815 0.22889958403161353 0.016721133142709732
0.17033374041075855 0.22982923456033727 0.958209235928714 -0.06448391079902649 -0.9849795021055257 0.011768422418020674 0.1722698019553684 -0.00586429238319397 0.02831602566800534 -0.9731598158448593 0.2283816444357304 0.01694471761584282
0.17087160741903284 0.23196820331117612 0.9575978521439055 -0.06459298729896545 -0.9849252439612661 0.013650918989944305 0.17244105143083138 -0.005916312336921692 0.026928750172938998 -0.9726275777826345 0.23080389370807547 0.016702741384506226
0.1709184691701564 0.23429087356632922 0.9570238573097625 -0.06471459567546844 -0.9849041748403404 0.01361752586891718 0.17256398631023107 -0.005874074995517731 0.027397869964625454 -0.9720711648602358 0.23308154617786825 0.016722191125154495
0.1716794090196393 0.23370857648006987 0.9570300318163096 -0.06481800973415375 -0.9847697679233549 0.01362229476383725 0.17332898565891564 -0.005985982716083527 0.02747152530983321 -0.9722112601513245 0.23248780813652298 0.01682893931865692
0.17174593783193548 0.23537114695107803 0.9566105560891344 -0.06484100222587585 -0.9847585208991567 0.013952030407903493 0.1733666529757149 -0.005960892885923386 0.027458848386886614 -0.9718054146949535 0.23417994708094686 0.016718916594982147
0.17212259819531628 0.23534950967338608 0.956548179386167 -0.06488310545682907 -0.9846890936762108 0.013909811143599904 0.17376393742394353 -0.0059363096952438354 0.027589852946626026 -0.9718112601994517 0.23414028821186955 0.016789846122264862
0.17229548725452626 0.23546517267572054 0.9564885872442589 -0.06491793692111969 -0.9846618378306397 0.014077798378483553 0.173904803593235 -0.005950741469860077 0.02748327112467308 -0.9717808230509634 0.23427911080307573 0.016800791025161743
0.1724995077793111 0.23648604753265617 0.9561999106558616 -0.06520570069551468 -0.9846178782484303 0.014023284860389729 0.1741579206217267 -0.0060736872255802155 0.027776854563731912 -0.9715336827944292 0.2352674000928276 0.01668182760477066
0.1727888743666508 0.23817066870947418 0.9557294269099321 -0.06526525318622589 -0.9845538294822631 0.013939490707869817 0.174526351736967 -0.005978245288133621 0.028244676434969695 -0.9711232790770112 0.23690043285692153 0.016706526279449463
0.17412057406979264 0.24122596227441528 0.9547209334723883 -0.06546388566493988 -0.9843525484982749 0.015998239434277473 0.17548252505578732 -0.006040103733539581 0.027057086882318337 -0.9703371019701278 0.24023701336317171 0.016592230647802353
0.17477358397658027 0.24345829276272957 0.9540347237019409 -0.06622394174337387 -0.9842242672786468 0.016126154578627983 0.1761889293863762 -0.006146717816591263 0.027509744524303936 -0.9697772975397824 0.24243598563877478 0.016859635710716248
0.1742720946051055 0.24706983323682524 0.9531976366663297 -0.06645121425390244 -0.9842734717771333 0.015301502429809655 0.175987490405367 -0.0061025917530059814 0.02889584395268291 -0.9688768557085662 0.24585090741045545 0.016761429607868195
0.17508786150685685 0.24809997136211992 0.9527804809939544 -0.06659036129713058 -0.9841583836320162 0.016713275505808478 0.17650196131682028 -0.006061088293790817 0.02786604887265226 -0.9685902490898731 0.2470959584619803 0.01672489568591118
0.17619236306615793 0.248638248750007 0.9524364926102384 -0.06663113087415695 -0.9839299624808779 0.016029096587765523 0.17783390282777406 -0.006126321852207184 0.028949613633714677 -0.9684637780119139 0.2474668271695198 0.01675092801451683
0.17692958079408616 0.24883523773680533 0.9522483646089901 -0.06654192507266998 -0.9837937691520353 0.016124612197199517 0.17857720083796103 -0.006119765341281891 0.02908166463015005 -0.9684115970711819 0.24765547730745247 0.016713418066501617
0.1776154648368864 0.246458962336139 0.9527385404899764 -0.06850838661193848 -0.9836964421475469 0.016742181327231598 0.17905588253577076 -0.006448026746511459 0.028179005607622598 -0.9690086063852063 0.24541447470425604 0.01746853068470955
0.1771776049909316 0.24528075104101787 0.953124047256406 -0.06846494227647781 -0.9837575345026969 0.015802291012711023 0.17880548343919633 -0.006424792110919952 0.028795999702259656 -0.9693232901191964 0.24409659898008335 0.01749550923705101
0.17888175904815773 0.2428983867536063 0.9534158012076013 -0.06831569969654083 -0.9834591063761509 0.016120881512479812 0.1804114831851985 -0.006443291902542114 0.0284517550541164 -0.969917775325185 0.24176436201926976 0.01755169779062271
0.17853251068152398 0.20406305047757145 0.962540603849801 -0.06797225773334503 -0.9834021551471478 0.004846131692233802 0.1813745193227721 -0.0064480602741241455 0.03234723916652976 -0.9789457525508805 0.20154123568365273 0.01793438196182251
0.17762445080053113 0.2128670171742421 0.9608002849068847 -0.06852684915065765 -0.9833049027370107 -0.0008073411107570871 0.1819637778616645 -0.0070098936557769775 0.03950978019640117 -0.9770808468083243 0.20916977809702864 0.013392634689807892
0.17718325339343033 0.21570811288480168 0.9602479392076806 -0.06668086349964142 -0.9833971806475057 -5.115563730795358e-05 0.18146620202571673 -0.006781488656997681 0.039192854086643136 -0.9764578881952763 0.21211768613145993 0.013802997767925262
0.1776195971014478 0.21560173104733105 0.9601912165266424 -0.06504969298839569 -0.9836029651793261 0.007911985337180072 0.18017382545325938 -0.006397739052772522 0.03124876983109448 -0.9764493299999844 0.21347182560381284 0.01512681320309639
0.17536316213590364 0.235391792093402 0.9559489869133986 -0.061477500945329666 -0.9841337322743778 0.015291550663162234 0.1767681121639843 -0.005503885447978973 0.026991820342463002 -0.9717802594688638 0.23433857757788767 0.01649703085422516
0.1738166369505868 0.26389302332851866 0.9487614288943885 -0.05880733206868172 -0.9843245452087348 0.017321908935416408 0.17551393440536478 -0.005030132830142975 0.02988254371377075 -0.9643964038243648 0.26276721612832044 0.016221746802330017
0.1723227528725937 0.27077689939516886 0.9470927829924319 -0.05795769393444061 -0.9843547897036808 0.011466424947261689 0.17582425625138043 -0.005213193595409393 0.036749378631934504 -0.9625738370914033 0.2685164637732652 0.015287645161151886
0.17240160662857695 0.2745239280310907 0.9459991009352312 -0.05524661764502525 -0.9845412768075661 0.017876012136939456 0.1742381199743825 -0.004340328276157379 0.03092184169826795 -0.9614140945131084 0.2733619918304788 0.015394667163491249
0.17143934115866066 0.28172599646187874 0.9440545615697464 -0.05411316826939583 -0.9846833164241613 0.018129315172423 0.17340730747951205 -0.0038617104291915894 0.03173828380677529 -0.9593236111182403 0.2805189663678022 0.015699900686740875
0.16834445908775797 0.24830646807972317 0.9539413194763207 -0.05159127712249756 -0.9852045567403596 0.010842857556955798 0.1710392171931086 -0.0027617737650871277 0.03212669407956531 -0.9686208393121496 0.2464579988106393 0.018504368141293526
0.17750799130563055 0.27668939012829236 0.9444225190099365 -0.049925412982702255 -0.9835943961680278 0.018539279986529156 0.17943901171270976 -0.004296980798244476 0.03213995721050483 -0.9607805558440567 0.2754410039599991 0.017987456172704697
0.18525763908668946 0.2801480471952994 0.9419111841424785 -0.04821418970823288 -0.982120733635201 0.02016277039667913 0.18716924761772458 -0.004934027791023254 0.03344356027519013 -0.9597450361125036 0.27887451287905224 0.0180202703922987
0.18747896169378442 0.28364575111537393 0.9404236953609877 -0.046705227345228195 -0.9817403261116499 0.022712599816271717 0.18886521621457247 -0.004986770451068878 0.032211349062276295 -0.9586601200027991 0.2827246068311121 0.018169712275266647
0.188379947682222 0.28157720553857934 0.9408651723984303 -0.04534371942281723 -0.9815637345037164 0.022437813048863275 0.18981353917121402 -0.005042523145675659 0.03233620909075574 -0.9592761968623368 0.2806128074678169 0.01918593794107437
0.18882304872693767 0.28278296408111536 0.9404146168020588 -0.0447615310549736 -0.9814817080629118 0.02290338154041216 0.19018173374938874 -0.00493331253528595 0.03224147960893958 -0.9589104391649477 0.28187099292604295 0.019341349601745605
0.18894377648133942 0.2820819911728005 0.9406008715629376 -0.0438726544380188 -0.9814722313247426 0.023208838546359578 0.19019360912438638 -0.004936140030622482 0.031819938205478904 -0.9591095349694514 0.2812408068955897 0.019748086109757423
0.19052565238634467 0.2860188337516063 0.9390916901571054 -0.04287878796458244 -0.9810279525291565 0.020554022015086493 0.19277367179014415 -0.005137510597705841 0.03583478950975805 -0.9580035276126985 0.2845085393137032 0.01958235539495945
