-0.9944742886089907 -0.10498042338360365 1.3570873484392253e-06 0.2771831452846527 0.10498042338781809 -0.9944742886031784 3.5379592927397414e-06 0.7568910717964172 9.78172010945699e-07 3.6608771551883223e-06 0.9999999999928206 7.119851375136932e-07
-0.9944742886089907 -0.10498042338360365 1.3570873484392253e-06 0.2771831452846527 0.10498042338781809 -0.9944742886031784 3.5379592927397414e-06 0.7568910717964172 9.78172010945699e-07 3.6608771551883223e-06 0.9999999999928206 7.119851375136932e-07
-0.9944742886089907 -0.10498042338360365 1.3570873484392253e-06 0.2771831452846527 0.10498042338781809 -0.9944742886031784 3.5379592927397414e-06 0.7568910717964172 9.78172010945699e-07 3.6608771551883223e-06 0.9999999999928206 7.119851375136932e-07
-0.9944742885941635 -0.10498042338592106 5.553894590440528e-06 0.2771831452846527 0.10498042338625285 -0.9944742886096098 -2.325575940323175e-07 0.7568910717964172 5.547619366524227e-06 3.5177765766460684e-07 0.9999999999845501 -5.099383315609884e-07
-0.9944742885941635 -0.10498042338592106 5.553894590440528e-06 0.2771831452846527 0.10498042338625285 -0.9944742886096098 -2.325575940323175e-07 0.7568910717964172 5.547619366524227e-06 3.5177765766460684e-07 0.9999999999845501 -5.099383315609884e-07
-0.9944742886094612 -0.10498042338787043 9.907683950457217e-08 0.2771831452846527 0.10498042338786774 -0.994474288609466 -3.190519009852246e-08 0.7568910717964172 1.01878789848797e-07 -2.132776266705594e-08 0.9999999999999946 5.4332409682444904e-09
-0.9944742886094498 -0.10498042338782852 2.0241291111402516e-07 0.2771831452846527 0.10498042338786658 -0.9944742886094486 1.8753252885517235e-07 0.7568910717964172 1.8160719150728157e-07 2.077456713322996e-07 0.999999999999962 5.782387901831498e-08
-0.9944742886094243 -0.10498042338795734 -2.560609611181476e-07 0.2771831452846527 0.10498042338786383 -0.9944742886094039 3.5480235193545687e-07 0.7568910717964172 -2.9189334327383723e-07 3.2596042842667745e-07 0.9999999999999043 5.885510390157833e-08
-0.9944742885503858 -0.10498042349606086 -9.736170782656706e-06 0.2771831452846527 0.10498042338163148 -0.994474288542443 1.160242975923557e-05 0.7568910717964172 -1.0900399501918093e-05 1.0516210749392439e-05 0.9999999998852953 -2.4459957330691395e-06
-0.994474288571115 -0.10498042351459778 -7.047758533662736e-06 0.2771831452846527 0.10498042338381978 -0.9944742884664027 1.6893685835758633e-05 0.7568910717964172 -8.782320946807767e-06 1.606045952808914e-05 0.9999999998324662 -3.4939396300615044e-06
-0.9944742886094666 -0.10498042338786442 3.4868050344148475e-08 0.2771831452846527 0.10498042338786828 -0.9944742886093298 5.219515072888463e-07 0.7568910717964172 -2.0119310661925734e-08 5.227278165875522e-07 0.9999999999998632 9.125352562477929e-08
-0.9944742886094562 -0.10498042338789958 -1.180673350338287e-07 0.2771831452846527 0.10498042338786721 -0.9944742886094344 2.531741812912924e-07 0.7568910717964172 -1.4399326175862323e-07 2.393804550138109e-07 0.9999999999999609 5.724806939610971e-08
-0.9944742886086864 -0.10498042338654631 -1.3524462317036231e-06 0.2771831452846527 0.10498042338778593 -0.9944742886090853 -8.805492592574573e-07 0.7568910717964172 -1.252532570105941e-06 -1.0176639761984274e-06 0.9999999999986978 -8.912687810003206e-10
-0.9944742886086864 -0.10498042338654631 -1.3524462317036231e-06 0.2771831452846527 0.10498042338778593 -0.9944742886090853 -8.805492592574573e-07 0.7568910717964172 -1.252532570105941e-06 -1.0176639761984274e-06 0.9999999999986978 -8.912687810003206e-10
-0.9944742886086864 -0.10498042338654631 -1.3524462317036231e-06 0.2771831452846527 0.10498042338778593 -0.9944742886090853 -8.805492592574573e-07 0.7568910717964172 -1.252532570105941e-06 -1.0176639761984274e-06 0.9999999999986978 -8.912687810003206e-10
-0.9944742886086864 -0.10498042338654631 -1.3524462317036231e-06 0.2771831452846527 0.10498042338778593 -0.9944742886090853 -8.805492592574573e-07 0.7568910717964172 -1.252532570105941e-06 -1.0176639761984274e-06 0.9999999999986978 -8.912687810003206e-10
-0.9944742886086864 -0.10498042338654631 -1.3524462317036231e-06 0.2771831452846527 0.10498042338778593 -0.9944742886090853 -8.805492592574573e-07 0.7568910717964172 -1.252532570105941e-06 -1.0176639761984274e-06 0.9999999999986978 -8.912687810003206e-10
-0.9944742886086864 -0.10498042338654631 -1.3524462317036231e-06 0.2771831452846527 0.10498042338778593 -0.9944742886090853 -8.805492592574573e-07 0.7568910717964172 -1.252532570105941e-06 -1.0176639761984274e-06 0.9999999999986978 -8.912687810003206e-10
-0.9944742886086864 -0.10498042338654631 -1.3524462317036231e-06 0.2771831452846527 0.10498042338778593 -0.9944742886090853 -8.805492592574573e-07 0.7568910717964172 -1.252532570105941e-06 -1.0176639761984274e-06 0.9999999999986978 -8.912687810003206e-10
-0.9944742886086864 -0.10498042338654631 -1.3524462317036231e-06 0.2771831452846527 0.10498042338778593 -0.9944742886090853 -8.805492592574573e-07 0.7568910717964172 -1.252532570105941e-06 -1.0176639761984274e-06 0.9999999999986978 -8.912687810003206e-10
-0.9944742886087017 -0.10498042338676533 1.3236587172323593e-06 0.2771831452846527 0.10498042338778757 -0.9944742886092084 7.278323821634728e-07 0.7568910717964172 1.2399364095469087e-06 8.627688430343852e-07 0.9999999999988591 -9.637238690629601e-06
-0.9944742886087017 -0.10498042338676533 1.3236587172323593e-06 0.2771831452846527 0.10498042338778757 -0.9944742886092084 7.278323821634728e-07 0.7568910717964172 1.2399364095469087e-06 8.627688430343852e-07 0.9999999999988591 -9.637238690629601e-06
-0.9944742886094453 -0.10498042338783227 2.2080454217315583e-07 0.2771831452846527 0.1049804233878661 -0.9944742886094553 1.4768187215528e-07 0.7568910717964172 2.0408073453381663e-07 1.70045979075435e-07 0.9999999999999647 -8.739886592223911e-10
-0.9944742886082871 -0.10498042338661429 1.6153607845837606e-06 0.2771831452846527 0.10498042338774377 -0.9944742886092797 6.308474786040716e-07 0.7568910717964172 1.5402081317000292e-06 7.969428565946765e-07 0.9999999999984963 1.4189913599693682e-07
-0.9944742886094226 -0.10498042338817797 -1.4781859394130315e-07 0.2771831452846527 0.10498042338786366 -0.9944742886004984 -4.223466237566958e-06 0.7568910717964172 2.963794827337508e-07 -4.215646640646871e-06 0.9999999999910703 -8.898390660760924e-06
-0.9944742886088531 -0.10498042339213248 5.699652356152407e-07 0.2771831452846527 0.10498042338780356 -0.994474288595976 -5.181288399005586e-06 0.7568910717964172 1.1107496220572548e-06 -5.092822902927164e-06 0.9999999999864148 9.58344116952503e-07
-0.9944742886089561 -0.10498042338943435 -8.27922553420339e-07 0.2771831452846527 0.10498042338781445 -0.994474288607836 1.80373881042848e-06 0.7568910717964172 -1.0127049563378112e-06 1.70685621014684e-06 0.9999999999980306 -6.827905963291414e-06
-0.994474288587907 -0.10498042344115924 -5.629403588344719e-06 0.2771831452846527 0.10498042338559244 -0.994474288565326 9.395170691652445e-06 0.7568910717964172 -6.584606126077854e-06 8.752278517630222e-06 0.9999999999400203 -7.757009370834567e-06
-0.9944742886087966 -0.10498042338690271 1.238487514516356e-06 0.2771831452846527 0.10498042338779763 -0.9944742886092401 6.810094658519906e-07 0.7568910717964172 1.1601513278944493e-06 8.072633477234433e-07 0.9999999999990011 -9.647782462707255e-06
-0.9944742886087966 -0.10498042338690271 1.238487514516356e-06 0.2771831452846527 0.10498042338779763 -0.9944742886092401 6.810094658519906e-07 0.7568910717964172 1.1601513278944493e-06 8.072633477234433e-07 0.9999999999990011 -9.647782462707255e-06
-0.9944742886088241 -0.10498042339010812 -8.984005669822621e-07 0.2771831452846527 0.10498042338780049 -0.9944742886067782 2.315343108315476e-06 0.7568910717964172 -1.1365019645379387e-06 2.208234718633738e-06 0.999999999996916 5.147082902112743e-07
-0.9944742886053194 -0.10498042336579853 3.589223096419265e-06 0.2771831452846527 0.10498042338743051 -0.9944742885883329 6.490458295467615e-06 0.7568910717964172 2.8880190257001113e-06 6.831392056401686e-06 0.9999999999724957 -7.712128535786178e-06
-0.9944742885928377 -0.10498042339152658 5.683808477990432e-06 0.2771831452846527 0.10498042338611291 -0.9944742886088744 -1.2434109855078748e-06 0.7568910717964172 5.7829352044469144e-06 -6.398516347764492e-07 0.9999999999830742 -5.205761226534378e-06
-0.9944742885997924 -0.10498042336749976 -4.849441834304485e-06 0.2771831452846527 0.10498042338684709 -0.9944742886018348 -3.923338772326118e-06 0.7568910717964172 -4.410771452953007e-06 -4.410755991500172e-06 0.9999999999805452 1.314273845309799e-07
-0.9944742886094482 -0.10498042338734025 3.8319481107560845e-07 0.2771831452846527 0.10498042338786638 -0.9944742886078133 1.8133433898653062e-06 0.7568910717964172 1.907118303279265e-07 1.8435513311476965e-06 0.9999999999982825 2.6928015017801954e-07
-0.9944742886094482 -0.10498042338734025 3.8319481107560845e-07 0.2771831452846527 0.10498042338786638 -0.9944742886078133 1.8133433898653062e-06 0.7568910717964172 1.907118303279265e-07 1.8435513311476965e-06 0.9999999999982825 2.6928015017801954e-07
-0.9944742885860781 -0.10498042329070191 -8.180473809390927e-06 0.2771831452846527 0.10498042338539933 -0.9944742885353458 -1.216311636968941e-05 0.7568910717964172 -6.858381766452008e-06 -1.295469610273958e-05 0.9999999998925693 -2.701874336707988e-06
-0.9944742886092294 -0.10498042338734942 7.617689639956808e-07 0.2771831452846527 0.10498042338784325 -0.9944742886092631 6.400253341443678e-07 0.7568910717964172 6.903695179971144e-07 7.164595672290897e-07 0.9999999999995051 3.6422509452904706e-08
-0.9944742886089317 -0.10498042339004848 -7.781343751527683e-07 0.2771831452846527 0.10498042338781186 -0.9944742886063159 2.5055453719486285e-06 0.7568910717964172 -1.0368678431403128e-06 2.4100115751898654e-06 0.9999999999965584 -8.270286343758926e-06
-0.9944742886073079 -0.10498042334510414 3.6430110502499655e-06 0.2771831452846527 0.10498042338764045 -0.9944742885013701 1.466442828393727e-05 0.7568910717964172 2.08340293283831e-06 1.4965841727962497e-05 0.9999999998858414 -2.112691845468362e-06
-0.9944742886073079 -0.10498042334510414 3.6430110502499655e-06 0.2771831452846527 0.10498042338764045 -0.9944742885013701 1.466442828393727e-05 0.7568910717964172 2.08340293283831e-06 1.4965841727962497e-05 0.9999999998858414 -2.112691845468362e-06
-0.9944742886092552 -0.10498042338784198 -6.527689298782879e-07 0.2771831452846527 0.10498042338784598 -0.9944742886094686 2.822925508506944e-08 0.7568910717964172 -6.521254363178281e-07 -4.045469026436016e-08 0.9999999999997866 -6.086779791303343e-08
-0.9944742885950649 -0.1049804234167381 -4.752044716645134e-06 0.2771831452846527 0.10498042338634803 -0.99447428859 6.247929850370038e-06 0.7568910717964172 -5.3816966101034615e-06 5.71453392683435e-06 0.9999999999691908 -1.1237107173656113e-06
-0.9944742886084652 -0.10498042339127521 1.1299425181244696e-06 0.2771831452846527 0.10498042338776258 -0.9944742886054928 -2.815357938901362e-06 0.7568910717964172 1.4192562503007831e-06 -2.681179239510584e-06 0.9999999999953985 6.125893037278729e-07
-0.9944742886092133 -0.104980423383466 -1.1947441749488807e-06 0.2771831452846527 0.10498042338784158 -0.9944742885991802 -4.523715911420572e-06 0.7568910717964172 -7.13240751792849e-07 -4.624143912206444e-06 0.9999999999890543 -4.2100319319615664e-07
-0.9944742886092133 -0.104980423383466 -1.1947441749488807e-06 0.2771831452846527 0.10498042338784158 -0.9944742885991802 -4.523715911420572e-06 0.7568910717964172 -7.13240751792849e-07 -4.624143912206444e-06 0.9999999999890543 -4.2100319319615664e-07
-0.9944742886093865 -0.10498042338772862 4.348327904789498e-07 0.2771831452846527 0.10498042338785984 -0.9944742886094251 2.9075120302238163e-07 0.7568910717964172 4.019068455818235e-07 3.3479352623541076e-07 0.9999999999998632 -8.534336570775736e-10
-0.9944742885875153 -0.10498042345639923 -5.410258048605548e-06 0.2771831452846527 0.10498042338555107 -0.9944742885368348 1.203939269338664e-05 0.7568910717964172 -6.644263066797294e-06 1.140489530321371e-05 0.9999999999128911 -6.574715371243656e-06
-0.9944742885875153 -0.10498042345639923 -5.410258048605548e-06 0.2771831452846527 0.10498042338555107 -0.9944742885368348 1.203939269338664e-05 0.7568910717964172 -6.644263066797294e-06 1.140489530321371e-05 0.9999999999128911 -6.574715371243656e-06
-0.9944742885875153 -0.10498042345639923 -5.410258048605548e-06 0.2771831452846527 0.10498042338555107 -0.9944742885368348 1.203939269338664e-05 0.7568910717964172 -6.644263066797294e-06 1.140489530321371e-05 0.9999999999128911 -6.574715371243656e-06
-0.9944742885875153 -0.10498042345639923 -5.410258048605548e-06 0.2771831452846527 0.10498042338555107 -0.9944742885368348 1.203939269338664e-05 0.7568910717964172 -6.644263066797294e-06 1.140489530321371e-05 0.9999999999128911 -6.574715371243656e-06
-0.994474288606445 -0.10498042338274816 -2.661622954767813e-06 0.2771831452846527 0.10498042338754934 -0.9944742886079901 -1.7329427593272899e-06 0.7568910717964172 -2.4649905299131705e-06 -2.002785322467241e-06 0.9999999999949564 -8.918780713962349e-10
-0.994474288606445 -0.10498042338274816 -2.661622954767813e-06 0.2771831452846527 0.10498042338754934 -0.9944742886079901 -1.7329427593272899e-06 0.7568910717964172 -2.4649905299131705e-06 -2.002785322467241e-06 0.9999999999949564 -8.918780713962349e-10
-0.9944742885622007 -0.10498042327097047 1.0888217546600266e-05 0.2771831452846527 0.10498042338287876 -0.9944742885569452 1.0271803860717837e-05 0.7568910717964172 9.749714081253994e-06 1.1358094524564818e-05 0.9999999998879684 -5.6161075008276384e-06
-0.994474288609345 -0.10498042338640334 7.414736831289652e-07 0.2771831452846527 0.10498042338785546 -0.9944742886067852 2.309998180415474e-06 0.7568910717964172 4.948719265484923e-07 2.37507401834339e-06 0.999999999997057 4.357698344392702e-07
-0.994474288609345 -0.10498042338640334 7.414736831289652e-07 0.2771831452846527 0.10498042338785546 -0.9944742886067852 2.309998180415474e-06 0.7568910717964172 4.948719265484923e-07 2.37507401834339e-06 0.999999999997057 4.357698344392702e-07
-0.994474288609345 -0.10498042338640334 7.414736831289652e-07 0.2771831452846527 0.10498042338785546 -0.9944742886067852 2.309998180415474e-06 0.7568910717964172 4.948719265484923e-07 2.37507401834339e-06 0.999999999997057 4.357698344392702e-07
-0.994474288609345 -0.10498042338640334 7.414736831289652e-07 0.2771831452846527 0.10498042338785546 -0.9944742886067852 2.309998180415474e-06 0.7568910717964172 4.948719265484923e-07 2.37507401834339e-06 0.999999999997057 4.357698344392702e-07
-0.9944742885345332 -0.10498042326898631 1.3190885209931102e-05 0.2771831452846527 0.10498042337995804 -0.9944742885779574 8.020677710365606e-06 0.7568910717964172 1.2275982043921421e-05 9.361142473675614e-06 0.9999999998808347 -5.765457899542525e-06
-0.9944742885345332 -0.10498042326898631 1.3190885209931102e-05 0.2771831452846527 0.10498042337995804 -0.9944742885779574 8.020677710365606e-06 0.7568910717964172 1.2275982043921421e-05 9.361142473675614e-06 0.9999999998808347 -5.765457899542525e-06
-0.9944742885667068 -0.10498042347260088 -8.200987582495065e-06 0.2771831452846527 0.10498042338335441 -0.9944742885529567 1.0646256878078542e-05 0.7568910717964172 -9.273319846992186e-06 9.726485586153603e-06 0.9999999999097005 -6.460554232035065e-06
-0.994474288609466 -0.10498042338786609 4.461952118624917e-08 0.2771831452846527 0.10498042338786823 -0.9944742886094655 4.831193060683806e-08 0.7568910717964172 3.930115965999903e-08 5.272914904708153e-08 0.9999999999999978 1.3630921280594066e-08
-0.9944742885657343 -0.10498042347051112 -8.344427597138946e-06 0.2771831452846527 0.10498042338325178 -0.9944742885567545 1.0286441483771496e-05 0.7568910717964172 -9.378193681049062e-06 9.353600034408174e-06 0.9999999999122798 -6.2557528508477844e-06
-0.9944742885657343 -0.10498042347051112 -8.344427597138946e-06 0.2771831452846527 0.10498042338325178 -0.9944742885567545 1.0286441483771496e-05 0.7568910717964172 -9.378193681049062e-06 9.353600034408174e-06 0.9999999999122798 -6.2557528508477844e-06
-0.9944742886089293 -0.10498042338695722 -1.122777270436639e-06 0.2771831452846527 0.10498042338781156 -0.9944742886092042 -7.31012833084732e-07 0.7568910717964172 -1.0398310905655257e-06 -8.448431003665861e-07 0.9999999999991025 -8.914737836818176e-10
-0.9944742885504285 -0.10498042325001415 -1.2098239641390484e-05 0.2771831452846527 0.10498042338163603 -0.9944742885513582 -1.0811241485370133e-05 0.7568910717964172 -1.0896419553103368e-05 -1.2021580004236002e-05 0.9999999998683748 -3.24481902680418e-06
-0.9944742885504285 -0.10498042325001415 -1.2098239641390484e-05 0.2771831452846527 0.10498042338163603 -0.9944742885513582 -1.0811241485370133e-05 0.7568910717964172 -1.0896419553103368e-05 -1.2021580004236002e-05 0.9999999998683748 -3.24481902680418e-06
-0.9944742886093556 -0.10498042338879297 1.6132644808057566e-07 0.2771831452846527 0.10498042338785661 -0.9944742886050438 -2.966236093836563e-06 0.7568910717964172 4.718317256901908e-07 -2.9329094104423515e-06 0.9999999999955876 5.808657306261011e-07
-0.994474288609452 -0.10498042338761601 2.8548173058533324e-07 0.2771831452846527 0.10498042338786678 -0.9944742886088729 1.0865409330090165e-06 0.7568910717964172 1.6983871375941732e-07 1.1105070143455412e-06 0.999999999999369 1.5600646463553858e-07
-0.994474288609452 -0.10498042338761601 2.8548173058533324e-07 0.2771831452846527 0.10498042338786678 -0.9944742886088729 1.0865409330090165e-06 0.7568910717964172 1.6983871375941732e-07 1.1105070143455412e-06 0.999999999999369 1.5600646463553858e-07
-0.9944742885494846 -0.10498042345585695 1.0248224695600932e-05 0.2771831452846527 0.10498042338153638 -0.994474288581548 -7.540421672581645e-06 0.7568910717964172 1.0983192623604929e-05 -6.422892510750441e-06 0.999999999919058 -2.3380800939776236e-06
-0.9944742886092666 -0.10498042337782103 1.58330416187996e-06 0.2771831452846527 0.1049804233878472 -0.9944742885690967 8.960890483559075e-06 0.7568910717964172 6.338372031677439e-07 9.077591130208857e-06 0.9999999999585978 1.5338894172600703e-06
-0.9944742886071364 -0.1049804233869775 2.195745591510222e-06 0.2771831452846527 0.10498042338762234 -0.9944742886094761 1.8019040199304989e-07 0.7568910717964172 2.164696070393021e-06 4.0970502368412054e-07 0.999999999997573 -9.491428500041366e-06
-0.9944742885997924 -0.10498042336749976 -4.849441834304485e-06 0.2771831452846527 0.10498042338684709 -0.9944742886018348 -3.923338772326118e-06 0.7568910717964172 -4.410771452953007e-06 -4.410755991500172e-06 0.9999999999805452 1.314273845309799e-07
-0.9944742886091474 -0.10498042338271407 1.3101673879685542e-06 0.2771831452846527 0.10498042338783464 -0.9944742885979716 4.782230822951725e-06 0.7568910717964172 8.008871645869532e-07 4.8933475227175255e-06 0.9999999999877068 -4.639742030576599e-07
-0.9944742886091474 -0.10498042338271407 1.3101673879685542e-06 0.2771831452846527 0.10498042338783464 -0.9944742885979716 4.782230822951725e-06 0.7568910717964172 8.008871645869532e-07 4.8933475227175255e-06 0.9999999999877068 -4.639742030576599e-07
-0.9944742886061415 -0.10498042338853132 -2.5444493878041344e-06 0.2771831452846527 0.10498042338751727 -0.9944742886093628 5.292390322884889e-07 0.7568910717964172 -2.585949232522426e-06 2.5919723611791045e-07 0.9999999999966228 -1.9887279734120966e-07
-0.994474288603709 -0.1049804233748858 -3.7651084988217302e-06 0.2771831452846527 0.10498042338726055 -0.9944742886042041 -3.2547233581556298e-06 0.7568910717964172 -3.4026213597760756e-06 -3.6320013805089737e-06 0.9999999999876154 1.411944623441741e-07
-0.9944742885538196 -0.10498042329356413 -1.1422753144306772e-05 0.2771831452846527 0.10498042338199401 -0.9944742885822768 -7.437242148038122e-06 0.7568910717964172 -1.0578869477997658e-05 -8.595311555250018e-06 0.9999999999071041 -8.981607124702862e-10
-0.9944742885500976 -0.10498042327999296 1.18630164774204e-05 0.2771831452846527 0.1049804233816011 -0.9944742885755541 8.292515433646923e-06 0.7568910717964172 1.0926913091462597e-05 9.492077878549231e-06 0.9999999998952516 -2.3190327738120686e-06
-0.9944742885500976 -0.10498042327999296 1.18630164774204e-05 0.2771831452846527 0.1049804233816011 -0.9944742885755541 8.292515433646923e-06 0.7568910717964172 1.0926913091462597e-05 9.492077878549231e-06 0.9999999998952516 -2.3190327738120686e-06
-0.9944742885500976 -0.10498042327999296 1.18630164774204e-05 0.2771831452846527 0.1049804233816011 -0.9944742885755541 8.292515433646923e-06 0.7568910717964172 1.0926913091462597e-05 9.492077878549231e-06 0.9999999998952516 -2.3190327738120686e-06
-0.9944742886093438 -0.10498042338831866 3.8702624434839897e-07 0.2771831452846527 0.10498042338785533 -0.994474288608894 -1.0685186946353387e-06 0.7568910717964172 4.970611939824973e-07 -1.0219841897193563e-06 0.9999999999993543 2.2723476433839096e-07
-0.9944742886093438 -0.10498042338831866 3.8702624434839897e-07 0.2771831452846527 0.10498042338785533 -0.994474288608894 -1.0685186946353387e-06 0.7568910717964172 4.970611939824973e-07 -1.0219841897193563e-06 0.9999999999993543 2.2723476433839096e-07
-0.9944372074561185 -0.10532540706551136 0.001095012949770798 0.27718231081962585 0.10532293777216545 -0.9944358327961157 -0.0021102677876156284 0.7568724155426025 0.0013111849283757077 -0.001983198824932663 0.9999971738542587 0.020559096708893776
-0.9943996690012231 -0.10565906983150558 0.0023365043545618804 0.27719807624816895 0.10564981861283007 -0.9943962094262572 -0.003780807554937579 0.7568303942680359 0.0027228876829509113 -0.0035127825199397023 0.9999901230720399 0.03435850888490677
-0.9941929859899593 -0.10733178250658568 0.007758548339012321 0.27752238512039185 0.10724617826261684 -0.9941747349209792 -0.0107169815183609 0.7562825679779053 0.008863625467764983 -0.009822673198313578 0.9999124717868091 0.0952579602599144
-0.994119072619776 -0.10788964627007347 0.009332399547612159 0.277721643447876 0.1077678970439594 -0.9940950673995128 -0.012691624745554722 0.7559787034988403 0.010646587261673095 -0.011611253148468894 0.9998759067904386 0.11425462365150452
-0.994119072619776 -0.10788964627007347 0.009332399547612159 0.277721643447876 0.1077678970439594 -0.9940950673995128 -0.012691624745554722 0.7559787034988403 0.010646587261673095 -0.011611253148468894 0.9998759067904386 0.11425462365150452
-0.9940574376988848 -0.10834462709782831 0.010547622223062821 0.27791813015937805 0.10819069380742637 -0.9940285818483675 -0.014210990183350312 0.7556865215301514 0.01202432239236945 -0.012985385922493419 0.9998433854476652 0.12948745489120483
-0.9940574376988848 -0.10834462709782831 0.010547622223062821 0.27791813015937805 0.10819069380742637 -0.9940285818483675 -0.014210990183350312 0.7556865215301514 0.01202432239236945 -0.012985385922493419 0.9998433854476652 0.12948745489120483
-0.9940540619084316 -0.1083693256368532 0.010611845473920783 0.2779295742511749 0.10821358786579216 -0.9940249400450379 -0.0142911850338596 0.7556695938110352 0.012097165145652164 -0.013057864659782783 0.9998415628318147 0.1303008496761322
-0.9940540619084316 -0.1083693256368532 0.010611845473920783 0.2779295742511749 0.10821358786579216 -0.9940249400450379 -0.0142911850338596 0.7556695938110352 0.012097165145652164 -0.013057864659782783 0.9998415628318147 0.1303008496761322
-0.9940540619084316 -0.1083693256368532 0.010611845473920783 0.2779295742511749 0.10821358786579216 -0.9940249400450379 -0.0142911850338596 0.7556695938110352 0.012097165145652164 -0.013057864659782783 0.9998415628318147 0.1303008496761322
-0.9935193526453199 -0.11209985521706355 0.018786121993068176 0.2807074189186096 0.1116294312139501 -0.9934488745923229 -0.024458202266263884 0.7517654895782471 0.0214048126848855 -0.022202613169644704 0.9995243258482327 0.249386265873909
-0.9935193526453199 -0.11209985521706355 0.018786121993068176 0.2807074189186096 0.1116294312139501 -0.9934488745923229 -0.024458202266263884 0.7517654895782471 0.0214048126848855 -0.022202613169644704 0.9995243258482327 0.249386265873909
-0.9935193526453199 -0.11209985521706355 0.018786121993068176 0.2807074189186096 0.1116294312139501 -0.9934488745923229 -0.024458202266263884 0.7517654895782471 0.0214048126848855 -0.022202613169644704 0.9995243258482327 0.249386265873909
-0.9935098177669267 -0.11216434048285101 0.01890509785150907 0.28077369928359985 0.11168808581367792 -0.9934386319110615 -0.024606017840253652 0.7516745328903198 0.021540972308709234 -0.02233484610928483 0.9995184546376671 0.25138360261917114
-0.9929851898712835 -0.11567039896415725 0.024510640541694127 0.2853378355503082 0.11487827063929122 -0.9928774029562697 -0.031582362700394155 0.7455017566680908 0.02798920561961723 -0.028545078424943502 0.9992005718905973 0.3581383526325226
-0.9929851898712835 -0.11567039896415725 0.024510640541694127 0.2853378355503082 0.11487827063929122 -0.9928774029562697 -0.031582362700394155 0.7455017566680908 0.02798920561961723 -0.028545078424943502 0.9992005718905973 0.3581383526325226
-0.9925785672064072 -0.11929290603820772 0.023600645996143785 0.2920631766319275 0.11856415284096966 -0.99248737998025 -0.03018844548900063 0.7365427017211914 0.02702461070171303 -0.02716621337062856 0.9992655639355948 0.4542120397090912
-0.9923396184970905 -0.12249156724590589 0.016059187858993528 0.2995259761810303 0.12215998122790893 -0.9923044131098158 -0.020221046194027783 0.7266824245452881 0.018412510623097175 -0.018104355178403465 0.999666550293711 0.520270824432373
-0.9923396184970905 -0.12249156724590589 0.016059187858993528 0.2995259761810303 0.12215998122790893 -0.9923044131098158 -0.020221046194027783 0.7266824245452881 0.018412510623097175 -0.018104355178403465 0.999666550293711 0.520270824432373
-0.9923396184970905 -0.12249156724590589 0.016059187858993528 0.2995259761810303 0.12215998122790893 -0.9923044131098158 -0.020221046194027783 0.7266824245452881 0.018412510623097175 -0.018104355178403465 0.999666550293711 0.520270824432373
-0.9919686019431749 -0.12643505435032726 0.0035312590293638383 0.3094909191131592 0.12642185581926196 -0.9919695175900263 -0.0037403934851857413 0.7135983109474182 0.003975818169434541 -0.0032639245763463574 0.9999867697456019 0.580049991607666
-0.9914222322960685 -0.13044172172768012 -0.008180130915696443 0.31920409202575684 0.13034299039748012 -0.9914008139853051 0.011624581003893 0.7009212374687195 -0.009626118808838503 0.010458645322991325 0.9998989721840332 0.6230626106262207
-0.9892230789123679 -0.14508923472745427 -0.019667590430386052 0.3432444930076599 0.14456592317892358 -0.989157741124841 0.025839060126639484 0.670163631439209 -0.023203318783340005 0.02271733124740238 0.9994726253672156 0.7260766625404358
-0.9890856193389884 -0.1461774248647272 -0.01848778182279472 0.3440799415111542 0.1457175416174191 -0.9890309201304396 0.024170996895289985 0.6691488027572632 -0.02181824194993628 0.0212131913170418 0.999536875173878 0.7345245480537415
-0.9890856193389884 -0.1461774248647272 -0.01848778182279472 0.3440799415111542 0.1457175416174191 -0.9890309201304396 0.024170996895289985 0.6691488027572632 -0.02181824194993628 0.0212131913170418 0.999536875173878 0.7345245480537415
-0.9885141973488865 -0.15063226361960963 -0.012231222200551797 0.34621039032936096 0.15043822119573003 -0.9884981389914952 0.015484534665764074 0.666671872138977 -0.014423010890637269 0.013466639045548047 0.9998052942396661 0.7708455920219421
-0.9883661980822164 -0.15173093396826318 -0.01048723822670277 0.34647756814956665 0.15159055759042908 -0.9883566694266868 0.013091861945874366 0.6663928627967834 -0.012351572285659265 0.01134978752689156 0.999859300594422 0.7803959846496582
-0.9883661980822164 -0.15173093396826318 -0.01048723822670277 0.34647756814956665 0.15159055759042908 -0.9883566694266868 0.013091861945874366 0.6663928627967834 -0.012351572285659265 0.01134978752689156 0.999859300594422 0.7803959846496582
-0.9880328971952347 -0.15411047421424862 -0.006399671667384925 0.3468115031719208 0.15406166116394288 -0.988032557293663 0.007527966999875998 0.6661036014556885 -0.007483222527586232 0.006451934996896458 0.9999511857662845 0.8035946488380432
-0.9880328971952347 -0.15411047421424862 -0.006399671667384925 0.3468115031719208 0.15406166116394288 -0.988032557293663 0.007527966999875998 0.6661036014556885 -0.007483222527586232 0.006451934996896458 0.9999511857662845 0.8035946488380432
-0.9880328971952347 -0.15411047421424862 -0.006399671667384925 0.3468115031719208 0.15406166116394288 -0.988032557293663 0.007527966999875998 0.6661036014556885 -0.007483222527586232 0.006451934996896458 0.9999511857662845 0.8035946488380432
-0.9880328971952347 -0.15411047421424862 -0.006399671667384925 0.3468115031719208 0.15406166116394288 -0.988032557293663 0.007527966999875998 0.6661036014556885 -0.007483222527586232 0.006451934996896458 0.9999511857662845 0.8035946488380432
-0.9875817908179257 -0.15710222340629695 -0.001047781301778875 0.3468247950077057 0.15710190707047336 -0.9875823245525406 0.0003781880753371579 0.66623854637146 -0.0010941844811346842 0.00020888321600521072 0.9999993795638692 0.8400688767433167
-0.9873652438029887 -0.1584572891465908 0.0010783534575606712 0.3467519283294678 0.15845439465935945 -0.9873634224238305 -0.0023826188611390645 0.6663734316825867 0.0014422700862453083 -0.0021816452083715672 0.9999965801347438 0.8599128723144531
-0.9869015083072336 -0.16128173077000577 0.003690016360325462 0.3467695116996765 0.1612601849862921 -0.9868963860922639 -0.005538578898658347 0.666337251663208 0.0045349354014083765 -0.0048709791480960095 0.999977853716293 0.9059531092643738
-0.986745231694772 -0.1622295416886767 0.003927280371249773 0.34689491987228394 0.16220603302625086 -0.9867404062767252 -0.005707317297272244 0.6661400198936462 0.0048011016984979395 -0.004994639559250187 0.999976001211106 0.9226337671279907
-0.9865346515959241 -0.1635088367499841 0.00377379188306137 0.34718069434165955 0.16348798141098295 -0.9865310996574873 -0.005298050844598746 0.6657050251960754 0.004589241186917643 -0.004609741126886858 0.9999788443522549 0.9453784227371216
-0.9862131281901083 -0.16545703447709556 0.0027632458317361002 0.34785908460617065 0.1654465910182852 -0.9862119679549619 -0.003657838546170556 0.664702832698822 0.003330361228105195 -0.0031502387920269975 0.9999894922896158 0.9808675646781921
-0.9862131281901083 -0.16545703447709556 0.0027632458317361002 0.34785908460617065 0.1654465910182852 -0.9862119679549619 -0.003657838546170556 0.664702832698822 0.003330361228105195 -0.0031502387920269975 0.9999894922896158 0.9808675646781921
-0.9862131281901083 -0.16545703447709556 0.0027632458317361002 0.34785908460617065 0.1654465910182852 -0.9862119679549619 -0.003657838546170556 0.664702832698822 0.003330361228105195 -0.0031502387920269975 0.9999894922896158 0.9808675646781921
-0.9862131281901083 -0.16545703447709556 0.0027632458317361002 0.34785908460617065 0.1654465910182852 -0.9862119679549619 -0.003657838546170556 0.664702832698822 0.003330361228105195 -0.0031502387920269975 0.9999894922896158 0.9808675646781921
-0.9860197949567423 -0.16661834377605858 0.0018142411053159798 0.3484184741973877 0.1666142026281702 -0.9860196296624407 -0.002235487178139978 0.6638936400413513 0.002161350513936336 -0.0019019562738805344 0.9999958555545558 1.0040007829666138
-0.985631549543342 -0.16890828499293462 -0.0006631783594309829 0.3499823212623596 0.16890733876848305 -0.985631091198372 0.001289563203378883 0.6616856455802917 -0.0008714671191378279 0.0011590184865600684 0.9999989486100513 1.061087965965271
-0.9855702719816841 -0.16926393194586253 -0.0009799633549066756 0.3502122759819031 0.16926209749714383 -0.9855695676296305 0.0017232855862536545 0.6613670587539673 -0.001257512154183178 0.0015325483910242873 0.9999980349773749 1.0694618225097656
-0.9854388797583088 -0.17002257309344496 -0.0015933924105627423 0.35069942474365234 0.1700182358280384 -0.9854376217507659 0.002548160928296181 0.6606975793838501 -0.0020034337052657666 0.0022401510839984177 0.9999954839780575 1.0877677202224731
-0.9851566523656989 -0.1716373146708342 -0.0026462260286641746 0.3519214987754822 0.17162658754922544 -0.9851545293521676 0.003855871252708225 0.6590571999549866 -0.003268752945359415 0.003344474472087597 0.9999890648125548 1.137699007987976
-0.9850276114292434 -0.17237560834947405 -0.002693393426261212 0.3525702953338623 0.1723649807667378 -0.985025909204572 0.003777777255066908 0.6582213640213013 -0.003304258961099532 0.0032569681999555077 0.9999892369575096 1.1664938926696777
-0.9849773956294131 -0.1726660411964814 -0.0024430138424544807 0.3528435230255127 0.17265753372228523 -0.9849762281526849 0.003347539850224971 0.6578860878944397 -0.0029843170135514185 0.002875446338552672 0.9999914127932883 1.181316614151001
-0.9849454164025967 -0.17285432934397912 -0.0019767484812618225 0.35303542017936707 0.17284895927685953 -0.9849448429437301 0.0026255733577747304 0.6576675176620483 -0.002400829944317254 0.0022443675264307776 0.9999945994004091 1.1955089569091797
-0.9849454164025967 -0.17285432934397912 -0.0019767484812618225 0.35303542017936707 0.17284895927685953 -0.9849448429437301 0.0026255733577747304 0.6576675176620483 -0.002400829944317254 0.0022443675264307776 0.9999945994004091 1.1955089569091797
-0.9849454164025967 -0.17285432934397912 -0.0019767484812618225 0.35303542017936707 0.17284895927685953 -0.9849448429437301 0.0026255733577747304 0.6576675176620483 -0.002400829944317254 0.0022443675264307776 0.9999945994004091 1.1955089569091797
-0.9849369676198153 -0.17290909371980254 -0.0012708756351195987 0.3531319499015808 0.1729070237835563 -0.9849368667431259 0.0015904894048780224 0.6575834155082703 -0.0015267423476432842 0.001346788487804437 0.9999979276071391 1.2097550630569458
-0.9849369676198153 -0.17290909371980254 -0.0012708756351195987 0.3531319499015808 0.1729070237835563 -0.9849368667431259 0.0015904894048780224 0.6575834155082703 -0.0015267423476432842 0.001346788487804437 0.9999979276071391 1.2097550630569458
-0.9849548500661593 -0.17281082259898728 -0.0006024315816953778 0.3531286418437958 0.172810432511165 -0.9849548889641894 0.0006489382445242854 0.657622754573822 -0.0007055114835094765 0.0005350684091464509 0.9999996079775954 1.220632553100586
-0.9849555214036587 -0.17280704592216506 -0.0005879932830583337 0.3531278669834137 0.17280667733265104 -0.984955560743516 0.000628990997204687 0.6576244235038757 -0.0006878413299667208 0.0005179189900707224 0.9999996293170436 1.22085702419281
-0.9849555214036587 -0.17280704592216506 -0.0005879932830583337 0.3531278669834137 0.17280667733265104 -0.984955560743516 0.000628990997204687 0.6576244235038757 -0.0006878413299667208 0.0005179189900707224 0.9999996293170436 1.22085702419281
-0.984979618830594 -0.17267052699539606 -0.00019898610763765753 0.353098064661026 0.17267051022622623 -0.9849796369240205 9.870785551934584e-05 0.6576813459396362 -0.00021304120148497472 6.286619317130547e-05 0.9999999753306438 1.2269270420074463
-0.9850386699887561 -0.17233320424306905 0.00029213370098715653 0.3530381917953491 0.17233303008062242 -0.9850385943241642 -0.0005426187485312098 0.6577780246734619 0.0003812741977918518 -0.00048415616448436294 0.9999998101113792 1.2354847192764282
-0.9850864323409443 -0.1720595596684763 0.00047827239175347186 0.3530113101005554 0.17205916777831054 -0.9850863188196615 -0.0007663274520672044 0.6578171849250793 0.0006029935537500511 -0.0006726076260653638 0.9999995919987945 1.2399801015853882
-0.9851486093089451 -0.17170290708494826 0.0005738250859494112 0.3530021607875824 0.1717023873709799 -0.9851484936823637 -0.0008576517218671464 0.6578274369239807 0.0007125642129712159 -0.0007463872638779699 0.9999994675790056 1.2443500757217407
-0.9851486093089451 -0.17170290708494826 0.0005738250859494112 0.3530021607875824 0.1717023873709799 -0.9851484936823637 -0.0008576517218671464 0.6578274369239807 0.0007125642129712159 -0.0007463872638779699 0.9999994675790056 1.2443500757217407
-0.9852039507951795 -0.17138508519148105 0.0005726355544671976 0.3530140817165375 0.1713845897295997 -0.9852038582141861 -0.0008247200123175948 0.6578068137168884 0.000705507467181873 -0.0007143765048682009 0.9999994959625845 1.2473857402801514
-0.9852039507951795 -0.17138508519148105 0.0005726355544671976 0.3530140817165375 0.1713845897295997 -0.9852038582141861 -0.0008247200123175948 0.6578068137168884 0.000705507467181873 -0.0007143765048682009 0.9999994959625845 1.2473857402801514
-0.9853109160531854 -0.17076943785030757 0.00044475018030498855 0.35307547450065613 0.17076915960230904 -0.9853108803132329 -0.0006027147612585308 0.6577126383781433 0.0005411424526399789 -0.0005179118190107615 0.9999997194660575 1.2518810033798218
-0.9854174161608195 -0.17015420918100443 0.00024703222985885103 0.3531670570373535 0.17015413267299706 -0.9854174136164965 -0.0003034397403540698 0.6575784087181091 0.00029506141008146076 -0.000256981250086308 0.9999999234496977 1.2552217245101929
-0.9854869018604804 -0.16975144630620562 0.00011286444909481209 0.3532341420650482 0.16975143415508478 -0.9854869043028355 -0.00010977206573088287 0.6574822664260864 0.00012986040346612854 -8.902003086898484e-05 0.9999999876058548 1.2570081949234009
-0.9854869018604804 -0.16975144630620562 0.00011286444909481209 0.3532341420650482 0.16975143415508478 -0.9854869043028355 -0.00010977206573088287 0.6574822664260864 0.00012986040346612854 -8.902003086898484e-05 0.9999999876058548 1.2570081949234009
-0.9854869018604804 -0.16975144630620562 0.00011286444909481209 0.3532341420650482 0.16975143415508478 -0.9854869043028355 -0.00010977206573088287 0.6574822664260864 0.00012986040346612854 -8.902003086898484e-05 0.9999999876058548 1.2570081949234009
-0.9855127577884595 -0.16960129724685172 6.487195653690979e-05 0.3532595932483673 0.16960129477864813 -0.9855127594591622 -4.186399777103901e-05 0.6574462056159973 7.10323292281123e-05 -3.0255136071902482e-05 0.9999999970195175 1.2576088905334473
-0.98570034836224 -0.16850750114009255 -0.00021283346065343814 0.35343390703201294 0.16850742501087118 -0.9857003271585315 0.00033579126091567394 0.6572041511535645 -0.0002663733580779573 0.000295125544450712 0.9999999209730704 1.2611967325210571
-0.9857339039944665 -0.1683110508834973 -0.00024630533895754584 0.35346123576164246 0.16831095197369073 -0.9857338789092851 0.00037870326680792713 0.6571670174598694 -0.00030653146197614367 0.0003318447635698891 0.9999998979587527 1.2617285251617432
-0.985804782436993 -0.16789532803447946 -0.00029958062155647716 0.35351356863975525 0.16789518785574517 -0.9858047517978731 0.00044410316289345724 0.6570967435836792 -0.0003698908464920821 0.0003875008771415992 0.9999998565119057 1.262766718864441
-0.985839219215754 -0.16769297327053842 -0.0003171305085950981 0.3535361588001251 0.16769281858386784 -0.9858391873389863 0.00046400668687580535 0.6570667624473572 -0.0003904503438134063 0.0004042554810552852 0.999999842063005 1.2632341384887695
-0.9859779257845472 -0.16687544965584697 -0.0003378872012264158 0.35360756516456604 0.16687528213555522 -0.9859778976456196 0.00047493842032251686 0.656974196434021 -0.00041240487475674144 0.00041189377651033345 0.9999998301328537 1.264918327331543
-0.9861408414048902 -0.1659100988347615 -0.0002828743435333073 0.35365352034568787 0.16590998689533104 -0.986140826921411 0.0003817422510350733 0.656918466091156 -0.00034228883364542033 0.00032951994600688775 0.9999998871274735 1.2665613889694214
-0.9861801806906865 -0.16567613910121304 -0.00026104674036392335 0.35365933179855347 0.16567604497930377 -0.9861801694888852 0.00034846361295391427 0.6569122672080994 -0.00031517122466807884 0.0003003987172887866 0.9999999052138504 1.2669183015823364
-0.98623488628573 -0.16535022650091363 -0.00022730831629520892 0.3536645472049713 0.16535015655088342 -0.9862348791045212 0.00029827217367884873 0.6569073796272278 -0.000273498761317575 0.0002565809576056262 0.9999999296823174 1.2673925161361694
