-0.9944742886094059 -0.10498042338609176 7.028693917773854e-07 0.2771831452846527 0.1049804233878619 -0.9944742886039052 3.3260955473864425e-06 0.7568910717964172 3.4981061958205124e-07 3.381504029669202e-06 0.9999999999942215 4.946689955431793e-07
-0.9944742886094059 -0.10498042338609176 7.028693917773854e-07 0.2771831452846527 0.1049804233878619 -0.9944742886039052 3.3260955473864425e-06 0.7568910717964172 3.4981061958205124e-07 3.381504029669202e-06 0.9999999999942215 4.946689955431793e-07
-0.9944742886094059 -0.10498042338609176 7.028693917773854e-07 0.2771831452846527 0.1049804233878619 -0.9944742886039052 3.3260955473864425e-06 0.7568910717964172 3.4981061958205124e-07 3.381504029669202e-06 0.9999999999942215 4.946689955431793e-07
-0.9944742886094059 -0.10498042338609176 7.028693917773854e-07 0.2771831452846527 0.1049804233878619 -0.9944742886039052 3.3260955473864425e-06 0.7568910717964172 3.4981061958205124e-07 3.381504029669202e-06 0.9999999999942215 4.946689955431793e-07
-0.9944742886094059 -0.10498042338609176 7.028693917773854e-07 0.2771831452846527 0.1049804233878619 -0.9944742886039052 3.3260955473864425e-06 0.7568910717964172 3.4981061958205124e-07 3.381504029669202e-06 0.9999999999942215 4.946689955431793e-07
-0.9944742886094059 -0.10498042338609176 7.028693917773854e-07 0.2771831452846527 0.1049804233878619 -0.9944742886039052 3.3260955473864425e-06 0.7568910717964172 3.4981061958205124e-07 3.381504029669202e-06 0.9999999999942215 4.946689955431793e-07
-0.9944742886094059 -0.10498042338609176 7.028693917773854e-07 0.2771831452846527 0.1049804233878619 -0.9944742886039052 3.3260955473864425e-06 0.7568910717964172 3.4981061958205124e-07 3.381504029669202e-06 0.9999999999942215 4.946689955431793e-07
-0.9944742886094059 -0.10498042338609176 7.028693917773854e-07 0.2771831452846527 0.1049804233878619 -0.9944742886039052 3.3260955473864425e-06 0.7568910717964172 3.4981061958205124e-07 3.381504029669202e-06 0.9999999999942215 4.946689955431793e-07
-0.9944742886094059 -0.10498042338609176 7.028693917773854e-07 0.2771831452846527 0.1049804233878619 -0.9944742886039052 3.3260955473864425e-06 0.7568910717964172 3.4981061958205124e-07 3.381504029669202e-06 0.9999999999942215 4.946689955431793e-07
-0.9944742886094059 -0.10498042338609176 7.028693917773854e-07 0.2771831452846527 0.1049804233878619 -0.9944742886039052 3.3260955473864425e-06 0.7568910717964172 3.4981061958205124e-07 3.381504029669202e-06 0.9999999999942215 4.946689955431793e-07
-0.9944742886094059 -0.10498042338609176 7.028693917773854e-07 0.2771831452846527 0.1049804233878619 -0.9944742886039052 3.3260955473864425e-06 0.7568910717964172 3.4981061958205124e-07 3.381504029669202e-06 0.9999999999942215 4.946689955431793e-07
-0.9944742886094059 -0.10498042338609176 7.028693917773854e-07 0.2771831452846527 0.1049804233878619 -0.9944742886039052 3.3260955473864425e-06 0.7568910717964172 3.4981061958205124e-07 3.381504029669202e-06 0.9999999999942215 4.946689955431793e-07
-0.9944742886094059 -0.10498042338609176 7.028693917773854e-07 0.2771831452846527 0.1049804233878619 -0.9944742886039052 3.3260955473864425e-06 0.7568910717964172 3.4981061958205124e-07 3.381504029669202e-06 0.9999999999942215 4.946689955431793e-07
-0.9944742886094059 -0.10498042338609176 7.028693917773854e-07 0.2771831452846527 0.1049804233878619 -0.9944742886039052 3.3260955473864425e-06 0.7568910717964172 3.4981061958205124e-07 3.381504029669202e-06 0.9999999999942215 4.946689955431793e-07
-0.9944742886094059 -0.10498042338609176 7.028693917773854e-07 0.2771831452846527 0.1049804233878619 -0.9944742886039052 3.3260955473864425e-06 0.7568910717964172 3.4981061958205124e-07 3.381504029669202e-06 0.9999999999942215 4.946689955431793e-07
-0.9944742886094059 -0.10498042338609176 7.028693917773854e-07 0.2771831452846527 0.1049804233878619 -0.9944742886039052 3.3260955473864425e-06 0.7568910717964172 3.4981061958205124e-07 3.381504029669202e-06 0.9999999999942215 4.946689955431793e-07
-0.9944742886094059 -0.10498042338609176 7.028693917773854e-07 0.2771831452846527 0.1049804233878619 -0.9944742886039052 3.3260955473864425e-06 0.7568910717964172 3.4981061958205124e-07 3.381504029669202e-06 0.9999999999942215 4.946689955431793e-07
-0.9944742886094059 -0.10498042338609176 7.028693917773854e-07 0.2771831452846527 0.1049804233878619 -0.9944742886039052 3.3260955473864425e-06 0.7568910717964172 3.4981061958205124e-07 3.381504029669202e-06 0.9999999999942215 4.946689955431793e-07
-0.9944742886094059 -0.10498042338609176 7.028693917773854e-07 0.2771831452846527 0.1049804233878619 -0.9944742886039052 3.3260955473864425e-06 0.7568910717964172 3.4981061958205124e-07 3.381504029669202e-06 0.9999999999942215 4.946689955431793e-07
-0.9944742886094059 -0.10498042338609176 7.028693917773854e-07 0.2771831452846527 0.1049804233878619 -0.9944742886039052 3.3260955473864425e-06 0.7568910717964172 3.4981061958205124e-07 3.381504029669202e-06 0.9999999999942215 4.946689955431793e-07
-0.9944742886094059 -0.10498042338609176 7.028693917773854e-07 0.2771831452846527 0.1049804233878619 -0.9944742886039052 3.3260955473864425e-06 0.7568910717964172 3.4981061958205124e-07 3.381504029669202e-06 0.9999999999942215 4.946689955431793e-07
-0.9944742886094059 -0.10498042338609176 7.028693917773854e-07 0.2771831452846527 0.1049804233878619 -0.9944742886039052 3.3260955473864425e-06 0.7568910717964172 3.4981061958205124e-07 3.381504029669202e-06 0.9999999999942215 4.946689955431793e-07
-0.9944742886094055 -0.10498042338773149 -3.8701958497710614e-07 0.2771831452846527 0.10498042338786188 -0.9944742885848386 -6.9989076703735145e-06 0.7568910717964172 3.49867264048946e-07 -7.000863206427903e-06 0.9999999999754327 -8.550401844331645e-07
-0.9944742886094055 -0.10498042338773149 -3.8701958497710614e-07 0.2771831452846527 0.10498042338786188 -0.9944742885848386 -6.9989076703735145e-06 0.7568910717964172 3.49867264048946e-07 -7.000863206427903e-06 0.9999999999754327 -8.550401844331645e-07
-0.9944742886094055 -0.10498042338773149 -3.8701958497710614e-07 0.2771831452846527 0.10498042338786188 -0.9944742885848386 -6.9989076703735145e-06 0.7568910717964172 3.49867264048946e-07 -7.000863206427903e-06 0.9999999999754327 -8.550401844331645e-07
-0.9944742886094055 -0.10498042338773149 -3.8701958497710614e-07 0.2771831452846527 0.10498042338786188 -0.9944742885848386 -6.9989076703735145e-06 0.7568910717964172 3.49867264048946e-07 -7.000863206427903e-06 0.9999999999754327 -8.550401844331645e-07
-0.9944742886094055 -0.10498042338773149 -3.8701958497710614e-07 0.2771831452846527 0.10498042338786188 -0.9944742885848386 -6.9989076703735145e-06 0.7568910717964172 3.49867264048946e-07 -7.000863206427903e-06 0.9999999999754327 -8.550401844331645e-07
-0.9944742886094055 -0.10498042338773149 -3.8701958497710614e-07 0.2771831452846527 0.10498042338786188 -0.9944742885848386 -6.9989076703735145e-06 0.7568910717964172 3.49867264048946e-07 -7.000863206427903e-06 0.9999999999754327 -8.550401844331645e-07
-0.9944742886094055 -0.10498042338773149 -3.8701958497710614e-07 0.2771831452846527 0.10498042338786188 -0.9944742885848386 -6.9989076703735145e-06 0.7568910717964172 3.49867264048946e-07 -7.000863206427903e-06 0.9999999999754327 -8.550401844331645e-07
-0.9944742886094055 -0.10498042338773149 -3.8701958497710614e-07 0.2771831452846527 0.10498042338786188 -0.9944742885848386 -6.9989076703735145e-06 0.7568910717964172 3.49867264048946e-07 -7.000863206427903e-06 0.9999999999754327 -8.550401844331645e-07
-0.9944742886094055 -0.10498042338773149 -3.8701958497710614e-07 0.2771831452846527 0.10498042338786188 -0.9944742885848386 -6.9989076703735145e-06 0.7568910717964172 3.49867264048946e-07 -7.000863206427903e-06 0.9999999999754327 -8.550401844331645e-07
-0.9944742886094055 -0.10498042338773149 -3.8701958497710614e-07 0.2771831452846527 0.10498042338786188 -0.9944742885848386 -6.9989076703735145e-06 0.7568910717964172 3.49867264048946e-07 -7.000863206427903e-06 0.9999999999754327 -8.550401844331645e-07
-0.9944742886094055 -0.10498042338773149 -3.8701958497710614e-07 0.2771831452846527 0.10498042338786188 -0.9944742885848386 -6.9989076703735145e-06 0.7568910717964172 3.49867264048946e-07 -7.000863206427903e-06 0.9999999999754327 -8.550401844331645e-07
-0.9944742886094055 -0.10498042338773149 -3.8701958497710614e-07 0.2771831452846527 0.10498042338786188 -0.9944742885848386 -6.9989076703735145e-06 0.7568910717964172 3.49867264048946e-07 -7.000863206427903e-06 0.9999999999754327 -8.550401844331645e-07
-0.9944742886094055 -0.10498042338773149 -3.8701958497710614e-07 0.2771831452846527 0.10498042338786188 -0.9944742885848386 -6.9989076703735145e-06 0.7568910717964172 3.49867264048946e-07 -7.000863206427903e-06 0.9999999999754327 -8.550401844331645e-07
-0.9944742886094055 -0.10498042338773149 -3.8701958497710614e-07 0.2771831452846527 0.10498042338786188 -0.9944742885848386 -6.9989076703735145e-06 0.7568910717964172 3.49867264048946e-07 -7.000863206427903e-06 0.9999999999754327 -8.550401844331645e-07
-0.9944742886094055 -0.10498042338773149 -3.8701958497710614e-07 0.2771831452846527 0.10498042338786188 -0.9944742885848386 -6.9989076703735145e-06 0.7568910717964172 3.49867264048946e-07 -7.000863206427903e-06 0.9999999999754327 -8.550401844331645e-07
-0.9944742886088022 -0.1049804233882948 1.1098145152142877e-06 0.2771831452846527 0.1049804233877982 -0.9944742886093497 -4.968006584405215e-07 0.7568910717964172 1.1558363439687285e-06 -3.775466836939021e-07 0.9999999999992608 2.4333252213182277e-07
-0.9944742886088022 -0.1049804233882948 1.1098145152142877e-06 0.2771831452846527 0.1049804233877982 -0.9944742886093497 -4.968006584405215e-07 0.7568910717964172 1.1558363439687285e-06 -3.775466836939021e-07 0.9999999999992608 2.4333252213182277e-07
-0.9944742886088022 -0.1049804233882948 1.1098145152142877e-06 0.2771831452846527 0.1049804233877982 -0.9944742886093497 -4.968006584405215e-07 0.7568910717964172 1.1558363439687285e-06 -3.775466836939021e-07 0.9999999999992608 2.4333252213182277e-07
-0.9944742886088022 -0.1049804233882948 1.1098145152142877e-06 0.2771831452846527 0.1049804233877982 -0.9944742886093497 -4.968006584405215e-07 0.7568910717964172 1.1558363439687285e-06 -3.775466836939021e-07 0.9999999999992608 2.4333252213182277e-07
-0.9944742886088022 -0.1049804233882948 1.1098145152142877e-06 0.2771831452846527 0.1049804233877982 -0.9944742886093497 -4.968006584405215e-07 0.7568910717964172 1.1558363439687285e-06 -3.775466836939021e-07 0.9999999999992608 2.4333252213182277e-07
-0.9944742886094472 -0.10498042338783453 2.1370833355008658e-07 0.2771831452846527 0.10498042338786623 -0.9944742886094565 1.4294389942326847e-07 0.7568910717964172 1.9752113189497198e-07 1.6458922402761866e-07 0.9999999999999669 -8.747941815379079e-10
-0.9944742886094472 -0.10498042338783453 2.1370833355008658e-07 0.2771831452846527 0.10498042338786623 -0.9944742886094565 1.4294389942326847e-07 0.7568910717964172 1.9752113189497198e-07 1.6458922402761866e-07 0.9999999999999669 -8.747941815379079e-10
-0.9944742886094472 -0.10498042338783453 2.1370833355008658e-07 0.2771831452846527 0.10498042338786623 -0.9944742886094565 1.4294389942326847e-07 0.7568910717964172 1.9752113189497198e-07 1.6458922402761866e-07 0.9999999999999669 -8.747941815379079e-10
-0.9944742886094472 -0.10498042338783453 2.1370833355008658e-07 0.2771831452846527 0.10498042338786623 -0.9944742886094565 1.4294389942326847e-07 0.7568910717964172 1.9752113189497198e-07 1.6458922402761866e-07 0.9999999999999669 -8.747941815379079e-10
-0.9944742886094472 -0.10498042338783453 2.1370833355008658e-07 0.2771831452846527 0.10498042338786623 -0.9944742886094565 1.4294389942326847e-07 0.7568910717964172 1.9752113189497198e-07 1.6458922402761866e-07 0.9999999999999669 -8.747941815379079e-10
-0.9944742886094472 -0.10498042338783453 2.1370833355008658e-07 0.2771831452846527 0.10498042338786623 -0.9944742886094565 1.4294389942326847e-07 0.7568910717964172 1.9752113189497198e-07 1.6458922402761866e-07 0.9999999999999669 -8.747941815379079e-10
-0.9944742886094472 -0.10498042338783453 2.1370833355008658e-07 0.2771831452846527 0.10498042338786623 -0.9944742886094565 1.4294389942326847e-07 0.7568910717964172 1.9752113189497198e-07 1.6458922402761866e-07 0.9999999999999669 -8.747941815379079e-10
-0.9944742886094472 -0.10498042338783453 2.1370833355008658e-07 0.2771831452846527 0.10498042338786623 -0.9944742886094565 1.4294389942326847e-07 0.7568910717964172 1.9752113189497198e-07 1.6458922402761866e-07 0.9999999999999669 -8.747941815379079e-10
-0.9944742886094472 -0.10498042338783453 2.1370833355008658e-07 0.2771831452846527 0.10498042338786623 -0.9944742886094565 1.4294389942326847e-07 0.7568910717964172 1.9752113189497198e-07 1.6458922402761866e-07 0.9999999999999669 -8.747941815379079e-10
-0.9944742886094472 -0.10498042338783453 2.1370833355008658e-07 0.2771831452846527 0.10498042338786623 -0.9944742886094565 1.4294389942326847e-07 0.7568910717964172 1.9752113189497198e-07 1.6458922402761866e-07 0.9999999999999669 -8.747941815379079e-10
-0.9944742886094472 -0.10498042338783453 2.1370833355008658e-07 0.2771831452846527 0.10498042338786623 -0.9944742886094565 1.4294389942326847e-07 0.7568910717964172 1.9752113189497198e-07 1.6458922402761866e-07 0.9999999999999669 -8.747941815379079e-10
-0.9944742886094472 -0.10498042338783453 2.1370833355008658e-07 0.2771831452846527 0.10498042338786623 -0.9944742886094565 1.4294389942326847e-07 0.7568910717964172 1.9752113189497198e-07 1.6458922402761866e-07 0.9999999999999669 -8.747941815379079e-10
-0.9944742886094472 -0.10498042338783453 2.1370833355008658e-07 0.2771831452846527 0.10498042338786623 -0.9944742886094565 1.4294389942326847e-07 0.7568910717964172 1.9752113189497198e-07 1.6458922402761866e-07 0.9999999999999669 -8.747941815379079e-10
-0.9944742886094472 -0.10498042338783453 2.1370833355008658e-07 0.2771831452846527 0.10498042338786623 -0.9944742886094565 1.4294389942326847e-07 0.7568910717964172 1.9752113189497198e-07 1.6458922402761866e-07 0.9999999999999669 -8.747941815379079e-10
-0.9944742886094472 -0.10498042338783453 2.1370833355008658e-07 0.2771831452846527 0.10498042338786623 -0.9944742886094565 1.4294389942326847e-07 0.7568910717964172 1.9752113189497198e-07 1.6458922402761866e-07 0.9999999999999669 -8.747941815379079e-10
-0.9944742886094472 -0.10498042338783453 2.1370833355008658e-07 0.2771831452846527 0.10498042338786623 -0.9944742886094565 1.4294389942326847e-07 0.7568910717964172 1.9752113189497198e-07 1.6458922402761866e-07 0.9999999999999669 -8.747941815379079e-10
-0.9944742886094472 -0.10498042338783453 2.1370833355008658e-07 0.2771831452846527 0.10498042338786623 -0.9944742886094565 1.4294389942326847e-07 0.7568910717964172 1.9752113189497198e-07 1.6458922402761866e-07 0.9999999999999669 -8.747941815379079e-10
-0.9944742886094472 -0.10498042338783453 2.1370833355008658e-07 0.2771831452846527 0.10498042338786623 -0.9944742886094565 1.4294389942326847e-07 0.7568910717964172 1.9752113189497198e-07 1.6458922402761866e-07 0.9999999999999669 -8.747941815379079e-10
-0.9944742886094472 -0.10498042338783453 2.1370833355008658e-07 0.2771831452846527 0.10498042338786623 -0.9944742886094565 1.4294389942326847e-07 0.7568910717964172 1.9752113189497198e-07 1.6458922402761866e-07 0.9999999999999669 -8.747941815379079e-10
-0.9944742885381809 -0.10498042351204327 1.0756893285934672e-05 0.2771831452846527 0.10498042338034315 -0.9944742885359871 -1.2154260056051794e-05 0.7568910717964172 1.1973413165547247e-05 -1.0957835910535549e-05 0.9999999998682816 -2.5935325993486913e-06
-0.9944742885381809 -0.10498042351204327 1.0756893285934672e-05 0.2771831452846527 0.10498042338034315 -0.9944742885359871 -1.2154260056051794e-05 0.7568910717964172 1.1973413165547247e-05 -1.0957835910535549e-05 0.9999999998682816 -2.5935325993486913e-06
-0.9944742885381809 -0.10498042351204327 1.0756893285934672e-05 0.2771831452846527 0.10498042338034315 -0.9944742885359871 -1.2154260056051794e-05 0.7568910717964172 1.1973413165547247e-05 -1.0957835910535549e-05 0.9999999998682816 -2.5935325993486913e-06
-0.9944742886094616 -0.1049804233871565 -3.9836896067730546e-07 0.2771831452846527 0.1049804233878678 -0.9944742886053756 -2.852424844920167e-06 0.7568910717964172 -9.671892087226278e-08 -2.8784841106204248e-06 0.9999999999958524 -8.099333172140177e-06
-0.9944742886094616 -0.1049804233871565 -3.9836896067730546e-07 0.2771831452846527 0.1049804233878678 -0.9944742886053756 -2.852424844920167e-06 0.7568910717964172 -9.671892087226278e-08 -2.8784841106204248e-06 0.9999999999958524 -8.099333172140177e-06
-0.9944742886089539 -0.1049804233894404 -8.295332523715132e-07 0.2771831452846527 0.10498042338781423 -0.9944742886078295 1.8072111611756596e-06 0.7568910717964172 -1.014671283883043e-06 1.7101402818280942e-06 0.9999999999980229 -6.8281283347459976e-06
-0.9944742886089539 -0.1049804233894404 -8.295332523715132e-07 0.2771831452846527 0.10498042338781423 -0.9944742886078295 1.8072111611756596e-06 0.7568910717964172 -1.014671283883043e-06 1.7101402818280942e-06 0.9999999999980229 -6.8281283347459976e-06
-0.9944742885978537 -0.10498042337136076 -5.153927699825883e-06 0.2771831452846527 0.10498042338664243 -0.9944742886056844 -2.7891634296469296e-06 0.7568910717964172 -4.832641025113224e-06 -3.314812829513145e-06 0.9999999999828287 4.012567558220326e-07
-0.9944742885978537 -0.10498042337136076 -5.153927699825883e-06 0.2771831452846527 0.10498042338664243 -0.9944742886056844 -2.7891634296469296e-06 0.7568910717964172 -4.832641025113224e-06 -3.314812829513145e-06 0.9999999999828287 4.012567558220326e-07
-0.9944742885978537 -0.10498042337136076 -5.153927699825883e-06 0.2771831452846527 0.10498042338664243 -0.9944742886056844 -2.7891634296469296e-06 0.7568910717964172 -4.832641025113224e-06 -3.314812829513145e-06 0.9999999999828287 4.012567558220326e-07
-0.9944742885978537 -0.10498042337136076 -5.153927699825883e-06 0.2771831452846527 0.10498042338664243 -0.9944742886056844 -2.7891634296469296e-06 0.7568910717964172 -4.832641025113224e-06 -3.314812829513145e-06 0.9999999999828287 4.012567558220326e-07
-0.9944742885978537 -0.10498042337136076 -5.153927699825883e-06 0.2771831452846527 0.10498042338664243 -0.9944742886056844 -2.7891634296469296e-06 0.7568910717964172 -4.832641025113224e-06 -3.314812829513145e-06 0.9999999999828287 4.012567558220326e-07
-0.9944742885978537 -0.10498042337136076 -5.153927699825883e-06 0.2771831452846527 0.10498042338664243 -0.9944742886056844 -2.7891634296469296e-06 0.7568910717964172 -4.832641025113224e-06 -3.314812829513145e-06 0.9999999999828287 4.012567558220326e-07
-0.9944742885978537 -0.10498042337136076 -5.153927699825883e-06 0.2771831452846527 0.10498042338664243 -0.9944742886056844 -2.7891634296469296e-06 0.7568910717964172 -4.832641025113224e-06 -3.314812829513145e-06 0.9999999999828287 4.012567558220326e-07
-0.9944742885978537 -0.10498042337136076 -5.153927699825883e-06 0.2771831452846527 0.10498042338664243 -0.9944742886056844 -2.7891634296469296e-06 0.7568910717964172 -4.832641025113224e-06 -3.314812829513145e-06 0.9999999999828287 4.012567558220326e-07
-0.9944742885978537 -0.10498042337136076 -5.153927699825883e-06 0.2771831452846527 0.10498042338664243 -0.9944742886056844 -2.7891634296469296e-06 0.7568910717964172 -4.832641025113224e-06 -3.314812829513145e-06 0.9999999999828287 4.012567558220326e-07
-0.9944742885978537 -0.10498042337136076 -5.153927699825883e-06 0.2771831452846527 0.10498042338664243 -0.9944742886056844 -2.7891634296469296e-06 0.7568910717964172 -4.832641025113224e-06 -3.314812829513145e-06 0.9999999999828287 4.012567558220326e-07
-0.9944742886035781 -0.10498042334795234 4.482509145704474e-06 0.2771831452846527 0.10498042338724668 -0.9944742885624005 9.682094894078087e-06 0.7568910717964172 3.4413096727735434e-06 1.0099170139933898e-05 0.9999999999430821 -7.835598694327928e-07
-0.9944742886035781 -0.10498042334795234 4.482509145704474e-06 0.2771831452846527 0.10498042338724668 -0.9944742885624005 9.682094894078087e-06 0.7568910717964172 3.4413096727735434e-06 1.0099170139933898e-05 0.9999999999430821 -7.835598694327928e-07
-0.9944742886035781 -0.10498042334795234 4.482509145704474e-06 0.2771831452846527 0.10498042338724668 -0.9944742885624005 9.682094894078087e-06 0.7568910717964172 3.4413096727735434e-06 1.0099170139933898e-05 0.9999999999430821 -7.835598694327928e-07
-0.9944742886035781 -0.10498042334795234 4.482509145704474e-06 0.2771831452846527 0.10498042338724668 -0.9944742885624005 9.682094894078087e-06 0.7568910717964172 3.4413096727735434e-06 1.0099170139933898e-05 0.9999999999430821 -7.835598694327928e-07
-0.9944742886035781 -0.10498042334795234 4.482509145704474e-06 0.2771831452846527 0.10498042338724668 -0.9944742885624005 9.682094894078087e-06 0.7568910717964172 3.4413096727735434e-06 1.0099170139933898e-05 0.9999999999430821 -7.835598694327928e-07
-0.9944742886035781 -0.10498042334795234 4.482509145704474e-06 0.2771831452846527 0.10498042338724668 -0.9944742885624005 9.682094894078087e-06 0.7568910717964172 3.4413096727735434e-06 1.0099170139933898e-05 0.9999999999430821 -7.835598694327928e-07
-0.9944742886035781 -0.10498042334795234 4.482509145704474e-06 0.2771831452846527 0.10498042338724668 -0.9944742885624005 9.682094894078087e-06 0.7568910717964172 3.4413096727735434e-06 1.0099170139933898e-05 0.9999999999430821 -7.835598694327928e-07
-0.9944742886035781 -0.10498042334795234 4.482509145704474e-06 0.2771831452846527 0.10498042338724668 -0.9944742885624005 9.682094894078087e-06 0.7568910717964172 3.4413096727735434e-06 1.0099170139933898e-05 0.9999999999430821 -7.835598694327928e-07
-0.9944742886035781 -0.10498042334795234 4.482509145704474e-06 0.2771831452846527 0.10498042338724668 -0.9944742885624005 9.682094894078087e-06 0.7568910717964172 3.4413096727735434e-06 1.0099170139933898e-05 0.9999999999430821 -7.835598694327928e-07
-0.9944742886035781 -0.10498042334795234 4.482509145704474e-06 0.2771831452846527 0.10498042338724668 -0.9944742885624005 9.682094894078087e-06 0.7568910717964172 3.4413096727735434e-06 1.0099170139933898e-05 0.9999999999430821 -7.835598694327928e-07
-0.9944742886035781 -0.10498042334795234 4.482509145704474e-06 0.2771831452846527 0.10498042338724668 -0.9944742885624005 9.682094894078087e-06 0.7568910717964172 3.4413096727735434e-06 1.0099170139933898e-05 0.9999999999430821 -7.835598694327928e-07
-0.9944742886035781 -0.10498042334795234 4.482509145704474e-06 0.2771831452846527 0.10498042338724668 -0.9944742885624005 9.682094894078087e-06 0.7568910717964172 3.4413096727735434e-06 1.0099170139933898e-05 0.9999999999430821 -7.835598694327928e-07
-0.9944742886094498 -0.10498042338782852 2.0241291111402516e-07 0.2771831452846527 0.10498042338786658 -0.9944742886094486 1.8753252885517235e-07 0.7568910717964172 1.8160719150728157e-07 2.077456713322996e-07 0.999999999999962 5.782387901831498e-08
-0.9944742886094498 -0.10498042338782852 2.0241291111402516e-07 0.2771831452846527 0.10498042338786658 -0.9944742886094486 1.8753252885517235e-07 0.7568910717964172 1.8160719150728157e-07 2.077456713322996e-07 0.999999999999962 5.782387901831498e-08
-0.9944742886094498 -0.10498042338782852 2.0241291111402516e-07 0.2771831452846527 0.10498042338786658 -0.9944742886094486 1.8753252885517235e-07 0.7568910717964172 1.8160719150728157e-07 2.077456713322996e-07 0.999999999999962 5.782387901831498e-08
-0.9944742886094498 -0.10498042338782852 2.0241291111402516e-07 0.2771831452846527 0.10498042338786658 -0.9944742886094486 1.8753252885517235e-07 0.7568910717964172 1.8160719150728157e-07 2.077456713322996e-07 0.999999999999962 5.782387901831498e-08
-0.9944742886094498 -0.10498042338782852 2.0241291111402516e-07 0.2771831452846527 0.10498042338786658 -0.9944742886094486 1.8753252885517235e-07 0.7568910717964172 1.8160719150728157e-07 2.077456713322996e-07 0.999999999999962 5.782387901831498e-08
-0.9944742886094498 -0.10498042338782852 2.0241291111402516e-07 0.2771831452846527 0.10498042338786658 -0.9944742886094486 1.8753252885517235e-07 0.7568910717964172 1.8160719150728157e-07 2.077456713322996e-07 0.999999999999962 5.782387901831498e-08
-0.9944742886093693 -0.1049804233876852 4.80913146671702e-07 0.2771831452846527 0.10498042338785804 -0.9944742886094059 3.493919315269992e-07 0.7568910717964172 4.415764465193062e-07 3.9794775830154834e-07 0.9999999999998233 1.2859256059982727e-07
-0.9944742886094243 -0.10498042338795734 -2.560609611181476e-07 0.2771831452846527 0.10498042338786383 -0.9944742886094039 3.5480235193545687e-07 0.7568910717964172 -2.9189334327383723e-07 3.2596042842667745e-07 0.9999999999999043 5.885510390157833e-08
-0.9944742886094243 -0.10498042338795734 -2.560609611181476e-07 0.2771831452846527 0.10498042338786383 -0.9944742886094039 3.5480235193545687e-07 0.7568910717964172 -2.9189334327383723e-07 3.2596042842667745e-07 0.9999999999999043 5.885510390157833e-08
-0.9944742886094243 -0.10498042338795734 -2.560609611181476e-07 0.2771831452846527 0.10498042338786383 -0.9944742886094039 3.5480235193545687e-07 0.7568910717964172 -2.9189334327383723e-07 3.2596042842667745e-07 0.9999999999999043 5.885510390157833e-08
-0.9944742886094243 -0.10498042338795734 -2.560609611181476e-07 0.2771831452846527 0.10498042338786383 -0.9944742886094039 3.5480235193545687e-07 0.7568910717964172 -2.9189334327383723e-07 3.2596042842667745e-07 0.9999999999999043 5.885510390157833e-08
-0.9944742886094243 -0.10498042338795734 -2.560609611181476e-07 0.2771831452846527 0.10498042338786383 -0.9944742886094039 3.5480235193545687e-07 0.7568910717964172 -2.9189334327383723e-07 3.2596042842667745e-07 0.9999999999999043 5.885510390157833e-08
-0.9944742886094243 -0.10498042338795734 -2.560609611181476e-07 0.2771831452846527 0.10498042338786383 -0.9944742886094039 3.5480235193545687e-07 0.7568910717964172 -2.9189334327383723e-07 3.2596042842667745e-07 0.9999999999999043 5.885510390157833e-08
-0.9944742886094243 -0.10498042338795734 -2.560609611181476e-07 0.2771831452846527 0.10498042338786383 -0.9944742886094039 3.5480235193545687e-07 0.7568910717964172 -2.9189334327383723e-07 3.2596042842667745e-07 0.9999999999999043 5.885510390157833e-08
-0.9944742886094243 -0.10498042338795734 -2.560609611181476e-07 0.2771831452846527 0.10498042338786383 -0.9944742886094039 3.5480235193545687e-07 0.7568910717964172 -2.9189334327383723e-07 3.2596042842667745e-07 0.9999999999999043 5.885510390157833e-08
-0.9944742886094243 -0.10498042338795734 -2.560609611181476e-07 0.2771831452846527 0.10498042338786383 -0.9944742886094039 3.5480235193545687e-07 0.7568910717964172 -2.9189334327383723e-07 3.2596042842667745e-07 0.9999999999999043 5.885510390157833e-08
-0.9944742886094243 -0.10498042338795734 -2.560609611181476e-07 0.2771831452846527 0.10498042338786383 -0.9944742886094039 3.5480235193545687e-07 0.7568910717964172 -2.9189334327383723e-07 3.2596042842667745e-07 0.9999999999999043 5.885510390157833e-08
-0.9944742886094243 -0.10498042338795734 -2.560609611181476e-07 0.2771831452846527 0.10498042338786383 -0.9944742886094039 3.5480235193545687e-07 0.7568910717964172 -2.9189334327383723e-07 3.2596042842667745e-07 0.9999999999999043 5.885510390157833e-08
-0.9944742886094243 -0.10498042338795734 -2.560609611181476e-07 0.2771831452846527 0.10498042338786383 -0.9944742886094039 3.5480235193545687e-07 0.7568910717964172 -2.9189334327383723e-07 3.2596042842667745e-07 0.9999999999999043 5.885510390157833e-08
-0.9944742886094243 -0.10498042338795734 -2.560609611181476e-07 0.2771831452846527 0.10498042338786383 -0.9944742886094039 3.5480235193545687e-07 0.7568910717964172 -2.9189334327383723e-07 3.2596042842667745e-07 0.9999999999999043 5.885510390157833e-08
-0.9944742885991533 -0.10498042339910425 4.2605743151632415e-06 0.2771831452846527 0.10498042338677964 -0.9944742886049935 -3.0206310794215583e-06 0.7568910717964172 4.554138740770841e-06 -2.5566630483515714e-06 0.9999999999863616 -7.88682086749759e-07
-0.9944742885991533 -0.10498042339910425 4.2605743151632415e-06 0.2771831452846527 0.10498042338677964 -0.9944742886049935 -3.0206310794215583e-06 0.7568910717964172 4.554138740770841e-06 -2.5566630483515714e-06 0.9999999999863616 -7.88682086749759e-07
-0.9944742885991533 -0.10498042339910425 4.2605743151632415e-06 0.2771831452846527 0.10498042338677964 -0.9944742886049935 -3.0206310794215583e-06 0.7568910717964172 4.554138740770841e-06 -2.5566630483515714e-06 0.9999999999863616 -7.88682086749759e-07
-0.9944742885991533 -0.10498042339910425 4.2605743151632415e-06 0.2771831452846527 0.10498042338677964 -0.9944742886049935 -3.0206310794215583e-06 0.7568910717964172 4.554138740770841e-06 -2.5566630483515714e-06 0.9999999999863616 -7.88682086749759e-07
-0.9944742885991533 -0.10498042339910425 4.2605743151632415e-06 0.2771831452846527 0.10498042338677964 -0.9944742886049935 -3.0206310794215583e-06 0.7568910717964172 4.554138740770841e-06 -2.5566630483515714e-06 0.9999999999863616 -7.88682086749759e-07
-0.9944742885991533 -0.10498042339910425 4.2605743151632415e-06 0.2771831452846527 0.10498042338677964 -0.9944742886049935 -3.0206310794215583e-06 0.7568910717964172 4.554138740770841e-06 -2.5566630483515714e-06 0.9999999999863616 -7.88682086749759e-07
-0.9944742885991533 -0.10498042339910425 4.2605743151632415e-06 0.2771831452846527 0.10498042338677964 -0.9944742886049935 -3.0206310794215583e-06 0.7568910717964172 4.554138740770841e-06 -2.5566630483515714e-06 0.9999999999863616 -7.88682086749759e-07
-0.9944742885991533 -0.10498042339910425 4.2605743151632415e-06 0.2771831452846527 0.10498042338677964 -0.9944742886049935 -3.0206310794215583e-06 0.7568910717964172 4.554138740770841e-06 -2.5566630483515714e-06 0.9999999999863616 -7.88682086749759e-07
-0.9944742885991533 -0.10498042339910425 4.2605743151632415e-06 0.2771831452846527 0.10498042338677964 -0.9944742886049935 -3.0206310794215583e-06 0.7568910717964172 4.554138740770841e-06 -2.5566630483515714e-06 0.9999999999863616 -7.88682086749759e-07
-0.9944742885991533 -0.10498042339910425 4.2605743151632415e-06 0.2771831452846527 0.10498042338677964 -0.9944742886049935 -3.0206310794215583e-06 0.7568910717964172 4.554138740770841e-06 -2.5566630483515714e-06 0.9999999999863616 -7.88682086749759e-07
-0.9944742886094308 -0.10498042338809453 -1.502015420844342e-07 0.2771831452846527 0.10498042338786458 -0.994474288601589 -3.95822524916935e-06 0.7568910717964172 2.66164590811965e-07 -3.952121460305112e-06 0.9999999999921549 -3.6151590165900416e-07
-0.9944742886094308 -0.10498042338809453 -1.502015420844342e-07 0.2771831452846527 0.10498042338786458 -0.994474288601589 -3.95822524916935e-06 0.7568910717964172 2.66164590811965e-07 -3.952121460305112e-06 0.9999999999921549 -3.6151590165900416e-07
-0.9944742886094308 -0.10498042338809453 -1.502015420844342e-07 0.2771831452846527 0.10498042338786458 -0.994474288601589 -3.95822524916935e-06 0.7568910717964172 2.66164590811965e-07 -3.952121460305112e-06 0.9999999999921549 -3.6151590165900416e-07
-0.994474288571115 -0.10498042351459778 -7.047758533662736e-06 0.2771831452846527 0.10498042338381978 -0.9944742884664027 1.6893685835758633e-05 0.7568910717964172 -8.782320946807767e-06 1.606045952808914e-05 0.9999999998324662 -3.4939396300615044e-06
-0.9944742885138307 -0.10498042325441853 -1.4772726954488665e-05 0.2771831452846527 0.10498042337777264 -0.9944742885796585 -7.836187214971625e-06 0.7568910717964172 -1.3868450877918073e-05 -9.343733835396538e-06 0.9999999998601803 -2.4825949367368594e-06
-0.9944742885138307 -0.10498042325441853 -1.4772726954488665e-05 0.2771831452846527 0.10498042337777264 -0.9944742885796585 -7.836187214971625e-06 0.7568910717964172 -1.3868450877918073e-05 -9.343733835396538e-06 0.9999999998601803 -2.4825949367368594e-06
-0.9944742885138307 -0.10498042325441853 -1.4772726954488665e-05 0.2771831452846527 0.10498042337777264 -0.9944742885796585 -7.836187214971625e-06 0.7568910717964172 -1.3868450877918073e-05 -9.343733835396538e-06 0.9999999998601803 -2.4825949367368594e-06
-0.9944742885138307 -0.10498042325441853 -1.4772726954488665e-05 0.2771831452846527 0.10498042337777264 -0.9944742885796585 -7.836187214971625e-06 0.7568910717964172 -1.3868450877918073e-05 -9.343733835396538e-06 0.9999999998601803 -2.4825949367368594e-06
-0.9944742885138307 -0.10498042325441853 -1.4772726954488665e-05 0.2771831452846527 0.10498042337777264 -0.9944742885796585 -7.836187214971625e-06 0.7568910717964172 -1.3868450877918073e-05 -9.343733835396538e-06 0.9999999998601803 -2.4825949367368594e-06
-0.9944742885138307 -0.10498042325441853 -1.4772726954488665e-05 0.2771831452846527 0.10498042337777264 -0.9944742885796585 -7.836187214971625e-06 0.7568910717964172 -1.3868450877918073e-05 -9.343733835396538e-06 0.9999999998601803 -2.4825949367368594e-06
-0.9944742885138307 -0.10498042325441853 -1.4772726954488665e-05 0.2771831452846527 0.10498042337777264 -0.9944742885796585 -7.836187214971625e-06 0.7568910717964172 -1.3868450877918073e-05 -9.343733835396538e-06 0.9999999998601803 -2.4825949367368594e-06
-0.9944742885138307 -0.10498042325441853 -1.4772726954488665e-05 0.2771831452846527 0.10498042337777264 -0.9944742885796585 -7.836187214971625e-06 0.7568910717964172 -1.3868450877918073e-05 -9.343733835396538e-06 0.9999999998601803 -2.4825949367368594e-06
-0.9944742885138307 -0.10498042325441853 -1.4772726954488665e-05 0.2771831452846527 0.10498042337777264 -0.9944742885796585 -7.836187214971625e-06 0.7568910717964172 -1.3868450877918073e-05 -9.343733835396538e-06 0.9999999998601803 -2.4825949367368594e-06
-0.9944742885138307 -0.10498042325441853 -1.4772726954488665e-05 0.2771831452846527 0.10498042337777264 -0.9944742885796585 -7.836187214971625e-06 0.7568910717964172 -1.3868450877918073e-05 -9.343733835396538e-06 0.9999999998601803 -2.4825949367368594e-06
-0.9944742885138307 -0.10498042325441853 -1.4772726954488665e-05 0.2771831452846527 0.10498042337777264 -0.9944742885796585 -7.836187214971625e-06 0.7568910717964172 -1.3868450877918073e-05 -9.343733835396538e-06 0.9999999998601803 -2.4825949367368594e-06
-0.9944742885138307 -0.10498042325441853 -1.4772726954488665e-05 0.2771831452846527 0.10498042337777264 -0.9944742885796585 -7.836187214971625e-06 0.7568910717964172 -1.3868450877918073e-05 -9.343733835396538e-06 0.9999999998601803 -2.4825949367368594e-06
-0.9944742885138307 -0.10498042325441853 -1.4772726954488665e-05 0.2771831452846527 0.10498042337777264 -0.9944742885796585 -7.836187214971625e-06 0.7568910717964172 -1.3868450877918073e-05 -9.343733835396538e-06 0.9999999998601803 -2.4825949367368594e-06
-0.9944742885138307 -0.10498042325441853 -1.4772726954488665e-05 0.2771831452846527 0.10498042337777264 -0.9944742885796585 -7.836187214971625e-06 0.7568910717964172 -1.3868450877918073e-05 -9.343733835396538e-06 0.9999999998601803 -2.4825949367368594e-06
-0.9944742885138307 -0.10498042325441853 -1.4772726954488665e-05 0.2771831452846527 0.10498042337777264 -0.9944742885796585 -7.836187214971625e-06 0.7568910717964172 -1.3868450877918073e-05 -9.343733835396538e-06 0.9999999998601803 -2.4825949367368594e-06
-0.9944742885138307 -0.10498042325441853 -1.4772726954488665e-05 0.2771831452846527 0.10498042337777264 -0.9944742885796585 -7.836187214971625e-06 0.7568910717964172 -1.3868450877918073e-05 -9.343733835396538e-06 0.9999999998601803 -2.4825949367368594e-06
-0.9944742885138307 -0.10498042325441853 -1.4772726954488665e-05 0.2771831452846527 0.10498042337777264 -0.9944742885796585 -7.836187214971625e-06 0.7568910717964172 -1.3868450877918073e-05 -9.343733835396538e-06 0.9999999998601803 -2.4825949367368594e-06
-0.9944742885138307 -0.10498042325441853 -1.4772726954488665e-05 0.2771831452846527 0.10498042337777264 -0.9944742885796585 -7.836187214971625e-06 0.7568910717964172 -1.3868450877918073e-05 -9.343733835396538e-06 0.9999999998601803 -2.4825949367368594e-06
-0.9944742885138307 -0.10498042325441853 -1.4772726954488665e-05 0.2771831452846527 0.10498042337777264 -0.9944742885796585 -7.836187214971625e-06 0.7568910717964172 -1.3868450877918073e-05 -9.343733835396538e-06 0.9999999998601803 -2.4825949367368594e-06
-0.9944742885138307 -0.10498042325441853 -1.4772726954488665e-05 0.2771831452846527 0.10498042337777264 -0.9944742885796585 -7.836187214971625e-06 0.7568910717964172 -1.3868450877918073e-05 -9.343733835396538e-06 0.9999999998601803 -2.4825949367368594e-06
-0.9944742885138307 -0.10498042325441853 -1.4772726954488665e-05 0.2771831452846527 0.10498042337777264 -0.9944742885796585 -7.836187214971625e-06 0.7568910717964172 -1.3868450877918073e-05 -9.343733835396538e-06 0.9999999998601803 -2.4825949367368594e-06
-0.9944742886091124 -0.10498042338743067 8.922362635851197e-07 0.2771831452846527 0.10498042338783091 -0.9944742886093841 4.1413314458559113e-07 0.7568910717964172 8.438301506429434e-07 5.055121050643525e-07 0.9999999999995162 2.0146282508903823e-07
-0.994474288586765 -0.10498042339509149 -6.605648735374482e-06 0.2771831452846527 0.10498042338547188 -0.9944742886081126 1.7874910458857466e-06 0.7568910717964172 -6.756799393718639e-06 1.0841500852371205e-06 0.9999999999765852 1.2211173725518165e-06
-0.994474288586765 -0.10498042339509149 -6.605648735374482e-06 0.2771831452846527 0.10498042338547188 -0.9944742886081126 1.7874910458857466e-06 0.7568910717964172 -6.756799393718639e-06 1.0841500852371205e-06 0.9999999999765852 1.2211173725518165e-06
-0.994474288586765 -0.10498042339509149 -6.605648735374482e-06 0.2771831452846527 0.10498042338547188 -0.9944742886081126 1.7874910458857466e-06 0.7568910717964172 -6.756799393718639e-06 1.0841500852371205e-06 0.9999999999765852 1.2211173725518165e-06
-0.994474288586765 -0.10498042339509149 -6.605648735374482e-06 0.2771831452846527 0.10498042338547188 -0.9944742886081126 1.7874910458857466e-06 0.7568910717964172 -6.756799393718639e-06 1.0841500852371205e-06 0.9999999999765852 1.2211173725518165e-06
-0.994474288586765 -0.10498042339509149 -6.605648735374482e-06 0.2771831452846527 0.10498042338547188 -0.9944742886081126 1.7874910458857466e-06 0.7568910717964172 -6.756799393718639e-06 1.0841500852371205e-06 0.9999999999765852 1.2211173725518165e-06
-0.994474288586765 -0.10498042339509149 -6.605648735374482e-06 0.2771831452846527 0.10498042338547188 -0.9944742886081126 1.7874910458857466e-06 0.7568910717964172 -6.756799393718639e-06 1.0841500852371205e-06 0.9999999999765852 1.2211173725518165e-06
-0.994474288586765 -0.10498042339509149 -6.605648735374482e-06 0.2771831452846527 0.10498042338547188 -0.9944742886081126 1.7874910458857466e-06 0.7568910717964172 -6.756799393718639e-06 1.0841500852371205e-06 0.9999999999765852 1.2211173725518165e-06
-0.994474288586765 -0.10498042339509149 -6.605648735374482e-06 0.2771831452846527 0.10498042338547188 -0.9944742886081126 1.7874910458857466e-06 0.7568910717964172 -6.756799393718639e-06 1.0841500852371205e-06 0.9999999999765852 1.2211173725518165e-06
-0.994474288586765 -0.10498042339509149 -6.605648735374482e-06 0.2771831452846527 0.10498042338547188 -0.9944742886081126 1.7874910458857466e-06 0.7568910717964172 -6.756799393718639e-06 1.0841500852371205e-06 0.9999999999765852 1.2211173725518165e-06
-0.994474288586765 -0.10498042339509149 -6.605648735374482e-06 0.2771831452846527 0.10498042338547188 -0.9944742886081126 1.7874910458857466e-06 0.7568910717964172 -6.756799393718639e-06 1.0841500852371205e-06 0.9999999999765852 1.2211173725518165e-06
-0.994474288586765 -0.10498042339509149 -6.605648735374482e-06 0.2771831452846527 0.10498042338547188 -0.9944742886081126 1.7874910458857466e-06 0.7568910717964172 -6.756799393718639e-06 1.0841500852371205e-06 0.9999999999765852 1.2211173725518165e-06
-0.994474288582572 -0.10498042342685678 6.7309414043619804e-06 0.2771831452846527 0.1049804233850292 -0.9944742885898524 -6.2934350232814625e-06 0.7568910717964172 7.354435638196359e-06 -5.55204223910873e-06 0.9999999999575435 -1.0527099902901682e-06
