0.9999999995871003 -3.3271705214851052e-09 -2.873672546221388e-05 -4.726000923938045e-08 5.618167040378276e-10 0.9999999953698309 -9.623065111959514e-05 9.94816939936527e-09 2.8736725649333764e-05 9.623065106371677e-05 0.9999999949569311 3.021175325557124e-05
0.9998500872010404 0.01731361530654817 0.00020457049807314444 -2.2807857931184117e-06 -0.017309168346607905 0.9997556928962505 -0.013745807094769542 9.898263670038432e-06 -0.000442510136164108 0.013740205477164109 0.9999055010040822 8.282800990855321e-06
0.9998500872010404 0.01731361530654817 0.00020457049807314444 -2.2807857931184117e-06 -0.017309168346607905 0.9997556928962505 -0.013745807094769542 9.898263670038432e-06 -0.000442510136164108 0.013740205477164109 0.9999055010040822 8.282800990855321e-06
0.9998500872010404 0.01731361530654817 0.00020457049807314444 -2.2807857931184117e-06 -0.017309168346607905 0.9997556928962505 -0.013745807094769542 9.898263670038432e-06 -0.000442510136164108 0.013740205477164109 0.9999055010040822 8.282800990855321e-06
0.9998500872010404 0.01731361530654817 0.00020457049807314444 -2.2807857931184117e-06 -0.017309168346607905 0.9997556928962505 -0.013745807094769542 9.898263670038432e-06 -0.000442510136164108 0.013740205477164109 0.9999055010040822 8.282800990855321e-06
0.9998500872010404 0.01731361530654817 0.00020457049807314444 -2.2807857931184117e-06 -0.017309168346607905 0.9997556928962505 -0.013745807094769542 9.898263670038432e-06 -0.000442510136164108 0.013740205477164109 0.9999055010040822 8.282800990855321e-06
0.9998500872010404 0.01731361530654817 0.00020457049807314444 -2.2807857931184117e-06 -0.017309168346607905 0.9997556928962505 -0.013745807094769542 9.898263670038432e-06 -0.000442510136164108 0.013740205477164109 0.9999055010040822 8.282800990855321e-06
0.9998500872010404 0.01731361530654817 0.00020457049807314444 -2.2807857931184117e-06 -0.017309168346607905 0.9997556928962505 -0.013745807094769542 9.898263670038432e-06 -0.000442510136164108 0.013740205477164109 0.9999055010040822 8.282800990855321e-06
0.9998500872010404 0.01731361530654817 0.00020457049807314444 -2.2807857931184117e-06 -0.017309168346607905 0.9997556928962505 -0.013745807094769542 9.898263670038432e-06 -0.000442510136164108 0.013740205477164109 0.9999055010040822 8.282800990855321e-06
0.9998500872010404 0.01731361530654817 0.00020457049807314444 -2.2807857931184117e-06 -0.017309168346607905 0.9997556928962505 -0.013745807094769542 9.898263670038432e-06 -0.000442510136164108 0.013740205477164109 0.9999055010040822 8.282800990855321e-06
0.9998500872010404 0.01731361530654817 0.00020457049807314444 -2.2807857931184117e-06 -0.017309168346607905 0.9997556928962505 -0.013745807094769542 9.898263670038432e-06 -0.000442510136164108 0.013740205477164109 0.9999055010040822 8.282800990855321e-06
0.9998500872010404 0.01731361530654817 0.00020457049807314444 -2.2807857931184117e-06 -0.017309168346607905 0.9997556928962505 -0.013745807094769542 9.898263670038432e-06 -0.000442510136164108 0.013740205477164109 0.9999055010040822 8.282800990855321e-06
0.9998500870999572 0.017313617824280293 0.0002048512700904876 -2.2854355847812258e-06 -0.017309168344857975 0.999755734455946 -0.0137427840578721 9.901323210215196e-06 -0.00044273854300315825 0.013737178032139669 0.9999055425000383 9.142759154201485e-06
0.9998500870999572 0.017313617824280293 0.0002048512700904876 -2.2854355847812258e-06 -0.017309168344857975 0.999755734455946 -0.0137427840578721 9.901323210215196e-06 -0.00044273854300315825 0.013737178032139669 0.9999055425000383 9.142759154201485e-06
0.9998500870999572 0.017313617824280293 0.0002048512700904876 -2.2854355847812258e-06 -0.017309168344857975 0.999755734455946 -0.0137427840578721 9.901323210215196e-06 -0.00044273854300315825 0.013737178032139669 0.9999055425000383 9.142759154201485e-06
0.9998500870999572 0.017313617824280293 0.0002048512700904876 -2.2854355847812258e-06 -0.017309168344857975 0.999755734455946 -0.0137427840578721 9.901323210215196e-06 -0.00044273854300315825 0.013737178032139669 0.9999055425000383 9.142759154201485e-06
0.9998500870999572 0.017313617824280293 0.0002048512700904876 -2.2854355847812258e-06 -0.017309168344857975 0.999755734455946 -0.0137427840578721 9.901323210215196e-06 -0.00044273854300315825 0.013737178032139669 0.9999055425000383 9.142759154201485e-06
0.9998500870999572 0.017313617824280293 0.0002048512700904876 -2.2854355847812258e-06 -0.017309168344857975 0.999755734455946 -0.0137427840578721 9.901323210215196e-06 -0.00044273854300315825 0.013737178032139669 0.9999055425000383 9.142759154201485e-06
0.9998500870999572 0.017313617824280293 0.0002048512700904876 -2.2854355847812258e-06 -0.017309168344857975 0.999755734455946 -0.0137427840578721 9.901323210215196e-06 -0.00044273854300315825 0.013737178032139669 0.9999055425000383 9.142759154201485e-06
0.9998500870999572 0.017313617824280293 0.0002048512700904876 -2.2854355847812258e-06 -0.017309168344857975 0.999755734455946 -0.0137427840578721 9.901323210215196e-06 -0.00044273854300315825 0.013737178032139669 0.9999055425000383 9.142759154201485e-06
0.9998500870999572 0.017313617824280293 0.0002048512700904876 -2.2854355847812258e-06 -0.017309168344857975 0.999755734455946 -0.0137427840578721 9.901323210215196e-06 -0.00044273854300315825 0.013737178032139669 0.9999055425000383 9.142759154201485e-06
0.9998500870999572 0.017313617824280293 0.0002048512700904876 -2.2854355847812258e-06 -0.017309168344857975 0.999755734455946 -0.0137427840578721 9.901323210215196e-06 -0.00044273854300315825 0.013737178032139669 0.9999055425000383 9.142759154201485e-06
0.9998500870999572 0.017313617824280293 0.0002048512700904876 -2.2854355847812258e-06 -0.017309168344857975 0.999755734455946 -0.0137427840578721 9.901323210215196e-06 -0.00044273854300315825 0.013737178032139669 0.9999055425000383 9.142759154201485e-06
0.9998500870999572 0.017313617824280293 0.0002048512700904876 -2.2854355847812258e-06 -0.017309168344857975 0.999755734455946 -0.0137427840578721 9.901323210215196e-06 -0.00044273854300315825 0.013737178032139669 0.9999055425000383 9.142759154201485e-06
0.9998500870999572 0.017313617824280293 0.0002048512700904876 -2.2854355847812258e-06 -0.017309168344857975 0.999755734455946 -0.0137427840578721 9.901323210215196e-06 -0.00044273854300315825 0.013737178032139669 0.9999055425000383 9.142759154201485e-06
0.9998500870999572 0.017313617824280293 0.0002048512700904876 -2.2854355847812258e-06 -0.017309168344857975 0.999755734455946 -0.0137427840578721 9.901323210215196e-06 -0.00044273854300315825 0.013737178032139669 0.9999055425000383 9.142759154201485e-06
0.9998500870999572 0.017313617824280293 0.0002048512700904876 -2.2854355847812258e-06 -0.017309168344857975 0.999755734455946 -0.0137427840578721 9.901323210215196e-06 -0.00044273854300315825 0.013737178032139669 0.9999055425000383 9.142759154201485e-06
0.9998500870999572 0.017313617824280293 0.0002048512700904876 -2.2854355847812258e-06 -0.017309168344857975 0.999755734455946 -0.0137427840578721 9.901323210215196e-06 -0.00044273854300315825 0.013737178032139669 0.9999055425000383 9.142759154201485e-06
0.9998500870999572 0.017313617824280293 0.0002048512700904876 -2.2854355847812258e-06 -0.017309168344857975 0.999755734455946 -0.0137427840578721 9.901323210215196e-06 -0.00044273854300315825 0.013737178032139669 0.9999055425000383 9.142759154201485e-06
0.9998500870999572 0.017313617824280293 0.0002048512700904876 -2.2854355847812258e-06 -0.017309168344857975 0.999755734455946 -0.0137427840578721 9.901323210215196e-06 -0.00044273854300315825 0.013737178032139669 0.9999055425000383 9.142759154201485e-06
0.9998500870999572 0.017313617824280293 0.0002048512700904876 -2.2854355847812258e-06 -0.017309168344857975 0.999755734455946 -0.0137427840578721 9.901323210215196e-06 -0.00044273854300315825 0.013737178032139669 0.9999055425000383 9.142759154201485e-06
0.9998500870999572 0.017313617824280293 0.0002048512700904876 -2.2854355847812258e-06 -0.017309168344857975 0.999755734455946 -0.0137427840578721 9.901323210215196e-06 -0.00044273854300315825 0.013737178032139669 0.9999055425000383 9.142759154201485e-06
0.9998500870999572 0.017313617824280293 0.0002048512700904876 -2.2854355847812258e-06 -0.017309168344857975 0.999755734455946 -0.0137427840578721 9.901323210215196e-06 -0.00044273854300315825 0.013737178032139669 0.9999055425000383 9.142759154201485e-06
0.9998500870999572 0.017313617824280293 0.0002048512700904876 -2.2854355847812258e-06 -0.017309168344857975 0.999755734455946 -0.0137427840578721 9.901323210215196e-06 -0.00044273854300315825 0.013737178032139669 0.9999055425000383 9.142759154201485e-06
0.9998500870999572 0.017313617824280293 0.0002048512700904876 -2.2854355847812258e-06 -0.017309168344857975 0.999755734455946 -0.0137427840578721 9.901323210215196e-06 -0.00044273854300315825 0.013737178032139669 0.9999055425000383 9.142759154201485e-06
0.9998500870999572 0.017313617824280293 0.0002048512700904876 -2.2854355847812258e-06 -0.017309168344857975 0.999755734455946 -0.0137427840578721 9.901323210215196e-06 -0.00044273854300315825 0.013737178032139669 0.9999055425000383 9.142759154201485e-06
0.9998500870999572 0.017313617824280293 0.0002048512700904876 -2.2854355847812258e-06 -0.017309168344857975 0.999755734455946 -0.0137427840578721 9.901323210215196e-06 -0.00044273854300315825 0.013737178032139669 0.9999055425000383 9.142759154201485e-06
0.9998500870999572 0.017313617824280293 0.0002048512700904876 -2.2854355847812258e-06 -0.017309168344857975 0.999755734455946 -0.0137427840578721 9.901323210215196e-06 -0.00044273854300315825 0.013737178032139669 0.9999055425000383 9.142759154201485e-06
0.9998500870999572 0.017313617824280293 0.0002048512700904876 -2.2854355847812258e-06 -0.017309168344857975 0.999755734455946 -0.0137427840578721 9.901323210215196e-06 -0.00044273854300315825 0.013737178032139669 0.9999055425000383 9.142759154201485e-06
0.9998500870999572 0.017313617824280293 0.0002048512700904876 -2.2854355847812258e-06 -0.017309168344857975 0.999755734455946 -0.0137427840578721 9.901323210215196e-06 -0.00044273854300315825 0.013737178032139669 0.9999055425000383 9.142759154201485e-06
0.9998500869326198 0.017313622805054423 0.00020524667310430864 -2.2865772280056262e-06 -0.017309168341961067 0.9997557483676555 -0.013741771979581702 9.902110832626931e-06 -0.0004431163979969133 0.013736159259176614 0.9999055563285286 9.318850061390549e-06
0.9998500869326198 0.017313622805054423 0.00020524667310430864 -2.2865772280056262e-06 -0.017309168341961067 0.9997557483676555 -0.013741771979581702 9.902110832626931e-06 -0.0004431163979969133 0.013736159259176614 0.9999055563285286 9.318850061390549e-06
0.9998500869326198 0.017313622805054423 0.00020524667310430864 -2.2865772280056262e-06 -0.017309168341961067 0.9997557483676555 -0.013741771979581702 9.902110832626931e-06 -0.0004431163979969133 0.013736159259176614 0.9999055563285286 9.318850061390549e-06
0.9998500869326198 0.017313622805054423 0.00020524667310430864 -2.2865772280056262e-06 -0.017309168341961067 0.9997557483676555 -0.013741771979581702 9.902110832626931e-06 -0.0004431163979969133 0.013736159259176614 0.9999055563285286 9.318850061390549e-06
0.9998500869326198 0.017313622805054423 0.00020524667310430864 -2.2865772280056262e-06 -0.017309168341961067 0.9997557483676555 -0.013741771979581702 9.902110832626931e-06 -0.0004431163979969133 0.013736159259176614 0.9999055563285286 9.318850061390549e-06
0.9998500869326198 0.017313622805054423 0.00020524667310430864 -2.2865772280056262e-06 -0.017309168341961067 0.9997557483676555 -0.013741771979581702 9.902110832626931e-06 -0.0004431163979969133 0.013736159259176614 0.9999055563285286 9.318850061390549e-06
0.9998500869326198 0.017313622805054423 0.00020524667310430864 -2.2865772280056262e-06 -0.017309168341961067 0.9997557483676555 -0.013741771979581702 9.902110832626931e-06 -0.0004431163979969133 0.013736159259176614 0.9999055563285286 9.318850061390549e-06
0.9998500869326198 0.017313622805054423 0.00020524667310430864 -2.2865772280056262e-06 -0.017309168341961067 0.9997557483676555 -0.013741771979581702 9.902110832626931e-06 -0.0004431163979969133 0.013736159259176614 0.9999055563285286 9.318850061390549e-06
0.9998500869326198 0.017313622805054423 0.00020524667310430864 -2.2865772280056262e-06 -0.017309168341961067 0.9997557483676555 -0.013741771979581702 9.902110832626931e-06 -0.0004431163979969133 0.013736159259176614 0.9999055563285286 9.318850061390549e-06
0.9998500869326198 0.017313622805054423 0.00020524667310430864 -2.2865772280056262e-06 -0.017309168341961067 0.9997557483676555 -0.013741771979581702 9.902110832626931e-06 -0.0004431163979969133 0.013736159259176614 0.9999055563285286 9.318850061390549e-06
0.9998500869326198 0.017313622805054423 0.00020524667310430864 -2.2865772280056262e-06 -0.017309168341961067 0.9997557483676555 -0.013741771979581702 9.902110832626931e-06 -0.0004431163979969133 0.013736159259176614 0.9999055563285286 9.318850061390549e-06
0.9998500862592554 0.01731364380166188 0.00020675025675564285 -2.287713869009167e-06 -0.017309168330303944 0.9997557374610289 -0.013742565461638002 9.902938472805545e-06 -0.00044463363873681626 0.013736926587245705 0.9999055451135692 8.539627742720768e-06
0.9998500868868522 0.017313624453510906 0.0002053305556385414 -2.2888575585966464e-06 -0.017309168341168756 0.9997557329592458 -0.013742892943566898 9.90381340670865e-06 -0.0004432196874810614 0.013737278602548936 0.999905540905192 7.745949915261008e-06
0.9998500834513211 0.017313729178749442 0.00021308287373401373 -2.290022393935942e-06 -0.01730916828169365 0.9997557853924753 -0.013739078123031559 9.904717444442213e-06 -0.0004509055135714842 0.013733330120537915 0.9999055917075462 8.218818038585596e-06
0.9998500847873675 0.01731368936804203 0.00021002657208525253 -2.2911906398803694e-06 -0.01730916830482297 0.9997557196279149 -0.013743862770901517 9.905666956910864e-06 -0.0004479322374484621 0.013738166971507116 0.9999055265998752 9.351694643555675e-06
0.9998500859244318 0.017313654856834882 0.00020744253359104647 -2.2923140932107344e-06 -0.017309168324507556 0.9997556896134557 -0.013746045883729909 9.906681952998042e-06 -0.00044538614730259453 0.013740394500236943 0.9999054971296826 1.047981913870899e-05
0.9994062908255325 0.03445381123289061 -2.7383926996198842e-05 -1.1972030051765614e-06 -0.03444175165595649 0.99903480921738 -0.027261982959107943 8.644316039863043e-06 -0.0009119217184251152 0.027246740420123913 0.9996283226956196 3.2383891266363207e-06
0.9994062875219766 0.03445390989407123 -2.3548919209073575e-05 -1.1462734619271941e-06 -0.03444175154210862 0.9990349805854872 -0.02725570247245429 8.585337127442472e-06 -0.0009155393230407087 0.027240331487823587 0.9996284940557575 3.363595851624268e-06
0.9994062831966652 0.034454038202673475 -1.8935569802499652e-05 -1.0953131095448043e-06 -0.03444175139304883 0.9990348993458967 -0.027258680267273475 8.526305464329198e-06 -0.0009202543162114044 0.027243148504949688 0.9996284129573002 2.8272454528632807e-06
0.9994062831966652 0.034454038202673475 -1.8935569802499652e-05 -1.0953131095448043e-06 -0.03444175139304883 0.9990348993458967 -0.027258680267273475 8.526305464329198e-06 -0.0009202543162114044 0.027243148504949688 0.9996284129573002 2.8272454528632807e-06
0.9994062831966652 0.034454038202673475 -1.8935569802499652e-05 -1.0953131095448043e-06 -0.03444175139304883 0.9990348993458967 -0.027258680267273475 8.526305464329198e-06 -0.0009202543162114044 0.027243148504949688 0.9996284129573002 2.8272454528632807e-06
0.9994062831966652 0.034454038202673475 -1.8935569802499652e-05 -1.0953131095448043e-06 -0.03444175139304883 0.9990348993458967 -0.027258680267273475 8.526305464329198e-06 -0.0009202543162114044 0.027243148504949688 0.9996284129573002 2.8272454528632807e-06
0.9994062831966652 0.034454038202673475 -1.8935569802499652e-05 -1.0953131095448043e-06 -0.03444175139304883 0.9990348993458967 -0.027258680267273475 8.526305464329198e-06 -0.0009202543162114044 0.027243148504949688 0.9996284129573002 2.8272454528632807e-06
0.9994062831966652 0.034454038202673475 -1.8935569802499652e-05 -1.0953131095448043e-06 -0.03444175139304883 0.9990348993458967 -0.027258680267273475 8.526305464329198e-06 -0.0009202543162114044 0.027243148504949688 0.9996284129573002 2.8272454528632807e-06
0.9994062831966652 0.034454038202673475 -1.8935569802499652e-05 -1.0953131095448043e-06 -0.03444175139304883 0.9990348993458967 -0.027258680267273475 8.526305464329198e-06 -0.0009202543162114044 0.027243148504949688 0.9996284129573002 2.8272454528632807e-06
0.9994062831966652 0.034454038202673475 -1.8935569802499652e-05 -1.0953131095448043e-06 -0.03444175139304883 0.9990348993458967 -0.027258680267273475 8.526305464329198e-06 -0.0009202543162114044 0.027243148504949688 0.9996284129573002 2.8272454528632807e-06
0.9994062831966652 0.034454038202673475 -1.8935569802499652e-05 -1.0953131095448043e-06 -0.03444175139304883 0.9990348993458967 -0.027258680267273475 8.526305464329198e-06 -0.0009202543162114044 0.027243148504949688 0.9996284129573002 2.8272454528632807e-06
0.9994062831966652 0.034454038202673475 -1.8935569802499652e-05 -1.0953131095448043e-06 -0.03444175139304883 0.9990348993458967 -0.027258680267273475 8.526305464329198e-06 -0.0009202543162114044 0.027243148504949688 0.9996284129573002 2.8272454528632807e-06
0.9994062831966652 0.034454038202673475 -1.8935569802499652e-05 -1.0953131095448043e-06 -0.03444175139304883 0.9990348993458967 -0.027258680267273475 8.526305464329198e-06 -0.0009202543162114044 0.027243148504949688 0.9996284129573002 2.8272454528632807e-06
0.9994062831966652 0.034454038202673475 -1.8935569802499652e-05 -1.0953131095448043e-06 -0.03444175139304883 0.9990348993458967 -0.027258680267273475 8.526305464329198e-06 -0.0009202543162114044 0.027243148504949688 0.9996284129573002 2.8272454528632807e-06
0.9994062831966652 0.034454038202673475 -1.8935569802499652e-05 -1.0953131095448043e-06 -0.03444175139304883 0.9990348993458967 -0.027258680267273475 8.526305464329198e-06 -0.0009202543162114044 0.027243148504949688 0.9996284129573002 2.8272454528632807e-06
0.9994062831966652 0.034454038202673475 -1.8935569802499652e-05 -1.0953131095448043e-06 -0.03444175139304883 0.9990348993458967 -0.027258680267273475 8.526305464329198e-06 -0.0009202543162114044 0.027243148504949688 0.9996284129573002 2.8272454528632807e-06
0.9994062831966652 0.034454038202673475 -1.8935569802499652e-05 -1.0953131095448043e-06 -0.03444175139304883 0.9990348993458967 -0.027258680267273475 8.526305464329198e-06 -0.0009202543162114044 0.027243148504949688 0.9996284129573002 2.8272454528632807e-06
0.9994062831966652 0.034454038202673475 -1.8935569802499652e-05 -1.0953131095448043e-06 -0.03444175139304883 0.9990348993458967 -0.027258680267273475 8.526305464329198e-06 -0.0009202543162114044 0.027243148504949688 0.9996284129573002 2.8272454528632807e-06
0.9994062831966652 0.034454038202673475 -1.8935569802499652e-05 -1.0953131095448043e-06 -0.03444175139304883 0.9990348993458967 -0.027258680267273475 8.526305464329198e-06 -0.0009202543162114044 0.027243148504949688 0.9996284129573002 2.8272454528632807e-06
0.9994062831966652 0.034454038202673475 -1.8935569802499652e-05 -1.0953131095448043e-06 -0.03444175139304883 0.9990348993458967 -0.027258680267273475 8.526305464329198e-06 -0.0009202543162114044 0.027243148504949688 0.9996284129573002 2.8272454528632807e-06
0.9994062831966652 0.034454038202673475 -1.8935569802499652e-05 -1.0953131095448043e-06 -0.03444175139304883 0.9990348993458967 -0.027258680267273475 8.526305464329198e-06 -0.0009202543162114044 0.027243148504949688 0.9996284129573002 2.8272454528632807e-06
0.9994062831966652 0.034454038202673475 -1.8935569802499652e-05 -1.0953131095448043e-06 -0.03444175139304883 0.9990348993458967 -0.027258680267273475 8.526305464329198e-06 -0.0009202543162114044 0.027243148504949688 0.9996284129573002 2.8272454528632807e-06
0.9994062831966652 0.034454038202673475 -1.8935569802499652e-05 -1.0953131095448043e-06 -0.03444175139304883 0.9990348993458967 -0.027258680267273475 8.526305464329198e-06 -0.0009202543162114044 0.027243148504949688 0.9996284129573002 2.8272454528632807e-06
0.9994062831966652 0.034454038202673475 -1.8935569802499652e-05 -1.0953131095448043e-06 -0.03444175139304883 0.9990348993458967 -0.027258680267273475 8.526305464329198e-06 -0.0009202543162114044 0.027243148504949688 0.9996284129573002 2.8272454528632807e-06
0.9994062831966652 0.034454038202673475 -1.8935569802499652e-05 -1.0953131095448043e-06 -0.03444175139304883 0.9990348993458967 -0.027258680267273475 8.526305464329198e-06 -0.0009202543162114044 0.027243148504949688 0.9996284129573002 2.8272454528632807e-06
0.9994062831966652 0.034454038202673475 -1.8935569802499652e-05 -1.0953131095448043e-06 -0.03444175139304883 0.9990348993458967 -0.027258680267273475 8.526305464329198e-06 -0.0009202543162114044 0.027243148504949688 0.9996284129573002 2.8272454528632807e-06
0.9994062831966652 0.034454038202673475 -1.8935569802499652e-05 -1.0953131095448043e-06 -0.03444175139304883 0.9990348993458967 -0.027258680267273475 8.526305464329198e-06 -0.0009202543162114044 0.027243148504949688 0.9996284129573002 2.8272454528632807e-06
0.9994062831966652 0.034454038202673475 -1.8935569802499652e-05 -1.0953131095448043e-06 -0.03444175139304883 0.9990348993458967 -0.027258680267273475 8.526305464329198e-06 -0.0009202543162114044 0.027243148504949688 0.9996284129573002 2.8272454528632807e-06
0.9994062831966652 0.034454038202673475 -1.8935569802499652e-05 -1.0953131095448043e-06 -0.03444175139304883 0.9990348993458967 -0.027258680267273475 8.526305464329198e-06 -0.0009202543162114044 0.027243148504949688 0.9996284129573002 2.8272454528632807e-06
0.9994062831966652 0.034454038202673475 -1.8935569802499652e-05 -1.0953131095448043e-06 -0.03444175139304883 0.9990348993458967 -0.027258680267273475 8.526305464329198e-06 -0.0009202543162114044 0.027243148504949688 0.9996284129573002 2.8272454528632807e-06
0.9994062831966652 0.034454038202673475 -1.8935569802499652e-05 -1.0953131095448043e-06 -0.03444175139304883 0.9990348993458967 -0.027258680267273475 8.526305464329198e-06 -0.0009202543162114044 0.027243148504949688 0.9996284129573002 2.8272454528632807e-06
0.9994062831966652 0.034454038202673475 -1.8935569802499652e-05 -1.0953131095448043e-06 -0.03444175139304883 0.9990348993458967 -0.027258680267273475 8.526305464329198e-06 -0.0009202543162114044 0.027243148504949688 0.9996284129573002 2.8272454528632807e-06
0.9994062831966652 0.034454038202673475 -1.8935569802499652e-05 -1.0953131095448043e-06 -0.03444175139304883 0.9990348993458967 -0.027258680267273475 8.526305464329198e-06 -0.0009202543162114044 0.027243148504949688 0.9996284129573002 2.8272454528632807e-06
0.9994062831966652 0.034454038202673475 -1.8935569802499652e-05 -1.0953131095448043e-06 -0.03444175139304883 0.9990348993458967 -0.027258680267273475 8.526305464329198e-06 -0.0009202543162114044 0.027243148504949688 0.9996284129573002 2.8272454528632807e-06
0.9994062831966652 0.034454038202673475 -1.8935569802499652e-05 -1.0953131095448043e-06 -0.03444175139304883 0.9990348993458967 -0.027258680267273475 8.526305464329198e-06 -0.0009202543162114044 0.027243148504949688 0.9996284129573002 2.8272454528632807e-06
0.9994062831966652 0.034454038202673475 -1.8935569802499652e-05 -1.0953131095448043e-06 -0.03444175139304883 0.9990348993458967 -0.027258680267273475 8.526305464329198e-06 -0.0009202543162114044 0.027243148504949688 0.9996284129573002 2.8272454528632807e-06
0.9994062831966652 0.034454038202673475 -1.8935569802499652e-05 -1.0953131095448043e-06 -0.03444175139304883 0.9990348993458967 -0.027258680267273475 8.526305464329198e-06 -0.0009202543162114044 0.027243148504949688 0.9996284129573002 2.8272454528632807e-06
0.9994062831966652 0.034454038202673475 -1.8935569802499652e-05 -1.0953131095448043e-06 -0.03444175139304883 0.9990348993458967 -0.027258680267273475 8.526305464329198e-06 -0.0009202543162114044 0.027243148504949688 0.9996284129573002 2.8272454528632807e-06
0.9994062831966652 0.034454038202673475 -1.8935569802499652e-05 -1.0953131095448043e-06 -0.03444175139304883 0.9990348993458967 -0.027258680267273475 8.526305464329198e-06 -0.0009202543162114044 0.027243148504949688 0.9996284129573002 2.8272454528632807e-06
0.9994062831966652 0.034454038202673475 -1.8935569802499652e-05 -1.0953131095448043e-06 -0.03444175139304883 0.9990348993458967 -0.027258680267273475 8.526305464329198e-06 -0.0009202543162114044 0.027243148504949688 0.9996284129573002 2.8272454528632807e-06
0.9994062831966652 0.034454038202673475 -1.8935569802499652e-05 -1.0953131095448043e-06 -0.03444175139304883 0.9990348993458967 -0.027258680267273475 8.526305464329198e-06 -0.0009202543162114044 0.027243148504949688 0.9996284129573002 2.8272454528632807e-06
0.9994062816315977 0.03445408447468342 -1.72717995627357e-05 -1.0443326345921378e-06 -0.034441751339113154 0.999034870281768 -0.027259745519459536 8.467217412544414e-06 -0.0009219544448501414 0.02724415577885238 0.9996283839387011 2.7408527785155457e-06
0.9994062733271475 0.03445432862879243 -8.548807861809553e-06 -9.93357957668195e-07 -0.03444175105292342 0.9990346739206711 -0.02726694131410504 8.40813390823314e-06 -0.0009309236012635389 0.02725104663967193 0.9996281877969884 2.872269305953523e-06
0.9994062592772508 0.03445473663885902 6.371762375529863e-06 -9.423984579370881e-07 -0.0344417505687329 0.9990346235953791 -0.02726878573388069 8.34904767543776e-06 -0.0009459044421488117 0.02725237569068014 0.9996281375011411 2.637159695950686e-06
0.9994062536421446 0.03445489849268216 1.2281383687341176e-05 -8.915270655052154e-07 -0.034441750374534674 0.9990345967355272 -0.027269770014080884 8.289974175568204e-06 -0.0009518466849533816 0.027253155695104257 0.9996281105954088 2.9941770662844647e-06
0.999406250831826 0.03445497875294453 1.5408035648608698e-05 -8.406610163547157e-07 -0.034441750277684875 0.9990347362782707 -0.027264657474756107 8.230904313677456e-06 -0.000954796356829806 0.02724793842734384 0.9996282500086603 3.141972683806671e-06
0.999406250831826 0.03445497875294453 1.5408035648608698e-05 -8.406610163547157e-07 -0.034441750277684875 0.9990347362782707 -0.027264657474756107 8.230904313677456e-06 -0.000954796356829806 0.02724793842734384 0.9996282500086603 3.141972683806671e-06
0.999406250831826 0.03445497875294453 1.5408035648608698e-05 -8.406610163547157e-07 -0.034441750277684875 0.9990347362782707 -0.027264657474756107 8.230904313677456e-06 -0.000954796356829806 0.02724793842734384 0.9996282500086603 3.141972683806671e-06
0.999406250831826 0.03445497875294453 1.5408035648608698e-05 -8.406610163547157e-07 -0.034441750277684875 0.9990347362782707 -0.027264657474756107 8.230904313677456e-06 -0.000954796356829806 0.02724793842734384 0.9996282500086603 3.141972683806671e-06
0.999406250831826 0.03445497875294453 1.5408035648608698e-05 -8.406610163547157e-07 -0.034441750277684875 0.9990347362782707 -0.027264657474756107 8.230904313677456e-06 -0.000954796356829806 0.02724793842734384 0.9996282500086603 3.141972683806671e-06
0.999406250831826 0.03445497875294453 1.5408035648608698e-05 -8.406610163547157e-07 -0.034441750277684875 0.9990347362782707 -0.027264657474756107 8.230904313677456e-06 -0.000954796356829806 0.02724793842734384 0.9996282500086603 3.141972683806671e-06
0.999406250831826 0.03445497875294453 1.5408035648608698e-05 -8.406610163547157e-07 -0.034441750277684875 0.9990347362782707 -0.027264657474756107 8.230904313677456e-06 -0.000954796356829806 0.02724793842734384 0.9996282500086603 3.141972683806671e-06
0.999406250831826 0.03445497875294453 1.5408035648608698e-05 -8.406610163547157e-07 -0.034441750277684875 0.9990347362782707 -0.027264657474756107 8.230904313677456e-06 -0.000954796356829806 0.02724793842734384 0.9996282500086603 3.141972683806671e-06
0.999406250831826 0.03445497875294453 1.5408035648608698e-05 -8.406610163547157e-07 -0.034441750277684875 0.9990347362782707 -0.027264657474756107 8.230904313677456e-06 -0.000954796356829806 0.02724793842734384 0.9996282500086603 3.141972683806671e-06
0.999406250831826 0.03445497875294453 1.5408035648608698e-05 -8.406610163547157e-07 -0.034441750277684875 0.9990347362782707 -0.027264657474756107 8.230904313677456e-06 -0.000954796356829806 0.02724793842734384 0.9996282500086603 3.141972683806671e-06
0.999406250831826 0.03445497875294453 1.5408035648608698e-05 -8.406610163547157e-07 -0.034441750277684875 0.9990347362782707 -0.027264657474756107 8.230904313677456e-06 -0.000954796356829806 0.02724793842734384 0.9996282500086603 3.141972683806671e-06
0.999406250831826 0.03445497875294453 1.5408035648608698e-05 -8.406610163547157e-07 -0.034441750277684875 0.9990347362782707 -0.027264657474756107 8.230904313677456e-06 -0.000954796356829806 0.02724793842734384 0.9996282500086603 3.141972683806671e-06
0.999406250831826 0.03445497875294453 1.5408035648608698e-05 -8.406610163547157e-07 -0.034441750277684875 0.9990347362782707 -0.027264657474756107 8.230904313677456e-06 -0.000954796356829806 0.02724793842734384 0.9996282500086603 3.141972683806671e-06
0.999406250831826 0.03445497875294453 1.5408035648608698e-05 -8.406610163547157e-07 -0.034441750277684875 0.9990347362782707 -0.027264657474756107 8.230904313677456e-06 -0.000954796356829806 0.02724793842734384 0.9996282500086603 3.141972683806671e-06
0.999406250831826 0.03445497875294453 1.5408035648608698e-05 -8.406610163547157e-07 -0.034441750277684875 0.9990347362782707 -0.027264657474756107 8.230904313677456e-06 -0.000954796356829806 0.02724793842734384 0.9996282500086603 3.141972683806671e-06
0.999406250831826 0.03445497875294453 1.5408035648608698e-05 -8.406610163547157e-07 -0.034441750277684875 0.9990347362782707 -0.027264657474756107 8.230904313677456e-06 -0.000954796356829806 0.02724793842734384 0.9996282500086603 3.141972683806671e-06
0.999406250831826 0.03445497875294453 1.5408035648608698e-05 -8.406610163547157e-07 -0.034441750277684875 0.9990347362782707 -0.027264657474756107 8.230904313677456e-06 -0.000954796356829806 0.02724793842734384 0.9996282500086603 3.141972683806671e-06
0.999406250831826 0.03445497875294453 1.5408035648608698e-05 -8.406610163547157e-07 -0.034441750277684875 0.9990347362782707 -0.027264657474756107 8.230904313677456e-06 -0.000954796356829806 0.02724793842734384 0.9996282500086603 3.141972683806671e-06
0.999406250831826 0.03445497875294453 1.5408035648608698e-05 -8.406610163547157e-07 -0.034441750277684875 0.9990347362782707 -0.027264657474756107 8.230904313677456e-06 -0.000954796356829806 0.02724793842734384 0.9996282500086603 3.141972683806671e-06
0.999406250831826 0.03445497875294453 1.5408035648608698e-05 -8.406610163547157e-07 -0.034441750277684875 0.9990347362782707 -0.027264657474756107 8.230904313677456e-06 -0.000954796356829806 0.02724793842734384 0.9996282500086603 3.141972683806671e-06
0.999406250831826 0.03445497875294453 1.5408035648608698e-05 -8.406610163547157e-07 -0.034441750277684875 0.9990347362782707 -0.027264657474756107 8.230904313677456e-06 -0.000954796356829806 0.02724793842734384 0.9996282500086603 3.141972683806671e-06
0.999406250831826 0.03445497875294453 1.5408035648608698e-05 -8.406610163547157e-07 -0.034441750277684875 0.9990347362782707 -0.027264657474756107 8.230904313677456e-06 -0.000954796356829806 0.02724793842734384 0.9996282500086603 3.141972683806671e-06
0.999406250831826 0.03445497875294453 1.5408035648608698e-05 -8.406610163547157e-07 -0.034441750277684875 0.9990347362782707 -0.027264657474756107 8.230904313677456e-06 -0.000954796356829806 0.02724793842734384 0.9996282500086603 3.141972683806671e-06
0.999406250831826 0.03445497875294453 1.5408035648608698e-05 -8.406610163547157e-07 -0.034441750277684875 0.9990347362782707 -0.027264657474756107 8.230904313677456e-06 -0.000954796356829806 0.02724793842734384 0.9996282500086603 3.141972683806671e-06
0.999406250831826 0.03445497875294453 1.5408035648608698e-05 -8.406610163547157e-07 -0.034441750277684875 0.9990347362782707 -0.027264657474756107 8.230904313677456e-06 -0.000954796356829806 0.02724793842734384 0.9996282500086603 3.141972683806671e-06
0.999406250831826 0.03445497875294453 1.5408035648608698e-05 -8.406610163547157e-07 -0.034441750277684875 0.9990347362782707 -0.027264657474756107 8.230904313677456e-06 -0.000954796356829806 0.02724793842734384 0.9996282500086603 3.141972683806671e-06
0.999406250831826 0.03445497875294453 1.5408035648608698e-05 -8.406610163547157e-07 -0.034441750277684875 0.9990347362782707 -0.027264657474756107 8.230904313677456e-06 -0.000954796356829806 0.02724793842734384 0.9996282500086603 3.141972683806671e-06
0.999406250831826 0.03445497875294453 1.5408035648608698e-05 -8.406610163547157e-07 -0.034441750277684875 0.9990347362782707 -0.027264657474756107 8.230904313677456e-06 -0.000954796356829806 0.02724793842734384 0.9996282500086603 3.141972683806671e-06
0.999406250831826 0.03445497875294453 1.5408035648608698e-05 -8.406610163547157e-07 -0.034441750277684875 0.9990347362782707 -0.027264657474756107 8.230904313677456e-06 -0.000954796356829806 0.02724793842734384 0.9996282500086603 3.141972683806671e-06
0.999406250831826 0.03445497875294453 1.5408035648608698e-05 -8.406610163547157e-07 -0.034441750277684875 0.9990347362782707 -0.027264657474756107 8.230904313677456e-06 -0.000954796356829806 0.02724793842734384 0.9996282500086603 3.141972683806671e-06
0.999406250831826 0.03445497875294453 1.5408035648608698e-05 -8.406610163547157e-07 -0.034441750277684875 0.9990347362782707 -0.027264657474756107 8.230904313677456e-06 -0.000954796356829806 0.02724793842734384 0.9996282500086603 3.141972683806671e-06
0.999406250831826 0.03445497875294453 1.5408035648608698e-05 -8.406610163547157e-07 -0.034441750277684875 0.9990347362782707 -0.027264657474756107 8.230904313677456e-06 -0.000954796356829806 0.02724793842734384 0.9996282500086603 3.141972683806671e-06
0.999406250831826 0.03445497875294453 1.5408035648608698e-05 -8.406610163547157e-07 -0.034441750277684875 0.9990347362782707 -0.027264657474756107 8.230904313677456e-06 -0.000954796356829806 0.02724793842734384 0.9996282500086603 3.141972683806671e-06
0.997672332669398 0.06816581328686412 -0.0018271630858543667 -5.105732157062448e-07 -0.06816528265436032 0.996222555553141 -0.05379697061935679 2.7215546651859768e-06 -0.0018468531758357894 0.05379629825656364 0.9985502227866346 6.980093075981131e-06
0.997672332669398 0.06816581328686412 -0.0018271630858543667 -5.105732157062448e-07 -0.06816528265436032 0.996222555553141 -0.05379697061935679 2.7215546651859768e-06 -0.0018468531758357894 0.05379629825656364 0.9985502227866346 6.980093075981131e-06
0.997672332669398 0.06816581328686412 -0.0018271630858543667 -5.105732157062448e-07 -0.06816528265436032 0.996222555553141 -0.05379697061935679 2.7215546651859768e-06 -0.0018468531758357894 0.05379629825656364 0.9985502227866346 6.980093075981131e-06
0.997672332669398 0.06816581328686412 -0.0018271630858543667 -5.105732157062448e-07 -0.06816528265436032 0.996222555553141 -0.05379697061935679 2.7215546651859768e-06 -0.0018468531758357894 0.05379629825656364 0.9985502227866346 6.980093075981131e-06
0.997672332669398 0.06816581328686412 -0.0018271630858543667 -5.105732157062448e-07 -0.06816528265436032 0.996222555553141 -0.05379697061935679 2.7215546651859768e-06 -0.0018468531758357894 0.05379629825656364 0.9985502227866346 6.980093075981131e-06
0.997672332669398 0.06816581328686412 -0.0018271630858543667 -5.105732157062448e-07 -0.06816528265436032 0.996222555553141 -0.05379697061935679 2.7215546651859768e-06 -0.0018468531758357894 0.05379629825656364 0.9985502227866346 6.980093075981131e-06
0.997672332669398 0.06816581328686412 -0.0018271630858543667 -5.105732157062448e-07 -0.06816528265436032 0.996222555553141 -0.05379697061935679 2.7215546651859768e-06 -0.0018468531758357894 0.05379629825656364 0.9985502227866346 6.980093075981131e-06
0.997672332669398 0.06816581328686412 -0.0018271630858543667 -5.105732157062448e-07 -0.06816528265436032 0.996222555553141 -0.05379697061935679 2.7215546651859768e-06 -0.0018468531758357894 0.05379629825656364 0.9985502227866346 6.980093075981131e-06
0.9976723282114915 0.06816594786718153 -0.0018245745889334793 -5.477586455526762e-07 -0.0681652823497769 0.9962226885736242 -0.053794507650084936 2.910619286922156e-06 -0.0018492710015259614 0.053793664334274016 0.9985503602093659 6.9971729317330755e-06
0.9986774523977148 0.0514087368427982 -0.000698461622440322 -2.7812626512968563e-07 -0.05139470051303793 0.9978533522077091 -0.04058660181651941 -1.4639206824540452e-07 -0.0013895436607883707 0.04056882132950723 0.9991757802831037 5.4490374168381095e-06
0.997672332669398 0.06816581328686412 -0.0018271630858543667 -5.105732157062448e-07 -0.06816528265436032 0.996222555553141 -0.05379697061935679 2.7215546651859768e-06 -0.0018468531758357894 0.05379629825656364 0.9985502227866346 6.980093075981131e-06
0.997672332669398 0.06816581328686412 -0.0018271630858543667 -5.105732157062448e-07 -0.06816528265436032 0.996222555553141 -0.05379697061935679 2.7215546651859768e-06 -0.0018468531758357894 0.05379629825656364 0.9985502227866346 6.980093075981131e-06
0.997672332669398 0.06816581328686412 -0.0018271630858543667 -5.105732157062448e-07 -0.06816528265436032 0.996222555553141 -0.05379697061935679 2.7215546651859768e-06 -0.0018468531758357894 0.05379629825656364 0.9985502227866346 6.980093075981131e-06
0.9976723346748287 0.06816573633226251 -0.0018289381501258835 -4.7343556275336596e-07 -0.06816528279138 0.9962220145821828 -0.05380698731380643 2.532549160605413e-06 -0.001845764461601704 0.053806412741395436 0.998549679836439 6.897795174154453e-06
0.9976723360294117 0.06816569595045684 -0.00182970413087032 -4.3633730228975764e-07 -0.06816528288393096 0.9962219912225437 -0.05380741969230503 2.343648247915553e-06 -0.0018450287180205444 0.05380689639981159 0.9985496551343102 7.180945885920664e-06
0.9976723233832007 0.06816605219159953 -0.0018233166972724322 -3.992898882643203e-07 -0.06816528201988721 0.996221615462833 -0.05381437737048035 2.1548316908592824e-06 -0.0018518861508374958 0.05381340179950861 0.9985492918751928 7.154227660066681e-06
0.9976723099734846 0.06816643067311329 -0.0018164915246393451 -3.6223681831870636e-07 -0.0681652811036775 0.9962212799409861 -0.053820589413347816 1.966021955013275e-06 -0.0018591299653529065 0.053819133419548665 0.998548969512132 6.841088179498911e-06
0.9976723099734846 0.06816643067311329 -0.0018164915246393451 -3.6223681831870636e-07 -0.0681652811036775 0.9962212799409861 -0.053820589413347816 1.966021955013275e-06 -0.0018591299653529065 0.053819133419548665 0.998548969512132 6.841088179498911e-06
0.9976723099734846 0.06816643067311329 -0.0018164915246393451 -3.6223681831870636e-07 -0.0681652811036775 0.9962212799409861 -0.053820589413347816 1.966021955013275e-06 -0.0018591299653529065 0.053819133419548665 0.998548969512132 6.841088179498911e-06
0.9976723099734846 0.06816643067311329 -0.0018164915246393451 -3.6223681831870636e-07 -0.0681652811036775 0.9962212799409861 -0.053820589413347816 1.966021955013275e-06 -0.0018591299653529065 0.053819133419548665 0.998548969512132 6.841088179498911e-06
0.9976723099734846 0.06816643067311329 -0.0018164915246393451 -3.6223681831870636e-07 -0.0681652811036775 0.9962212799409861 -0.053820589413347816 1.966021955013275e-06 -0.0018591299653529065 0.053819133419548665 0.998548969512132 6.841088179498911e-06
0.9976723053555876 0.0681665624338046 -0.001814081703067693 -3.2519437809241936e-07 -0.06816528078816282 0.9962212164779466 -0.05382176450350859 1.7772283626982244e-06 -0.0018616179893054647 0.05382014125918322 0.9985489105563651 7.77122113504447e-06
0.9976723053555876 0.0681665624338046 -0.001814081703067693 -3.2519437809241936e-07 -0.06816528078816282 0.9962212164779466 -0.05382176450350859 1.7772283626982244e-06 -0.0018616179893054647 0.05382014125918322 0.9985489105563651 7.77122113504447e-06
