0.9999999996416835 -3.363807030257994e-09 -2.6769999544600447e-05 -7.268995716458448e-08 7.22965409501639e-10 0.9999999951341582 -9.864929583759796e-05 -4.8243389727531394e-08 2.6769999746179062e-05 9.864929578289652e-05 0.9999999947758417 3.2408621336799115e-05
0.9998500892354032 0.01731350570717106 0.0002039021432828287 -6.685429525532527e-07 -0.01730906592100295 0.9997556318151953 -0.013750377839967045 8.026780051295646e-06 -0.0004419195612942248 0.013744787154672044 0.9999054382956291 -2.2356834961101413e-07
0.9998500876304222 0.017313554091935742 0.0002076298212720568 -6.69983990064793e-07 -0.017309065893218064 0.9997557190783547 -0.0137440317238448 8.026679097383749e-06 -0.0004455371379600232 0.013738377445223732 0.9999055247781318 2.75198431154422e-07
0.9998500876304222 0.017313554091935742 0.0002076298212720568 -6.69983990064793e-07 -0.017309065893218064 0.9997557190783547 -0.0137440317238448 8.026679097383749e-06 -0.0004455371379600232 0.013738377445223732 0.9999055247781318 2.75198431154422e-07
0.9998500876304222 0.017313554091935742 0.0002076298212720568 -6.69983990064793e-07 -0.017309065893218064 0.9997557190783547 -0.0137440317238448 8.026679097383749e-06 -0.0004455371379600232 0.013738377445223732 0.9999055247781318 2.75198431154422e-07
0.9998500876304222 0.017313554091935742 0.0002076298212720568 -6.69983990064793e-07 -0.017309065893218064 0.9997557190783547 -0.0137440317238448 8.026679097383749e-06 -0.0004455371379600232 0.013738377445223732 0.9999055247781318 2.75198431154422e-07
0.9998500876304222 0.017313554091935742 0.0002076298212720568 -6.69983990064793e-07 -0.017309065893218064 0.9997557190783547 -0.0137440317238448 8.026679097383749e-06 -0.0004455371379600232 0.013738377445223732 0.9999055247781318 2.75198431154422e-07
0.9998500876304222 0.017313554091935742 0.0002076298212720568 -6.69983990064793e-07 -0.017309065893218064 0.9997557190783547 -0.0137440317238448 8.026679097383749e-06 -0.0004455371379600232 0.013738377445223732 0.9999055247781318 2.75198431154422e-07
0.9998500847520873 0.017313643031110756 0.00021397718415147062 -6.727844947818085e-07 -0.0173090658433893 0.9997556649749813 -0.013747966761029086 8.026314390008338e-06 -0.0004519522909348611 0.013742201986014347 0.9999054693438287 3.995753559138393e-07
0.9998500847520873 0.017313643031110756 0.00021397718415147062 -6.727844947818085e-07 -0.0173090658433893 0.9997556649749813 -0.013747966761029086 8.026314390008338e-06 -0.0004519522909348611 0.013742201986014347 0.9999054693438287 3.995753559138393e-07
0.9998500847520873 0.017313643031110756 0.00021397718415147062 -6.727844947818085e-07 -0.0173090658433893 0.9997556649749813 -0.013747966761029086 8.026314390008338e-06 -0.0004519522909348611 0.013742201986014347 0.9999054693438287 3.995753559138393e-07
0.9998500847520873 0.017313643031110756 0.00021397718415147062 -6.727844947818085e-07 -0.0173090658433893 0.9997556649749813 -0.013747966761029086 8.026314390008338e-06 -0.0004519522909348611 0.013742201986014347 0.9999054693438287 3.995753559138393e-07
0.9998500847520873 0.017313643031110756 0.00021397718415147062 -6.727844947818085e-07 -0.0173090658433893 0.9997556649749813 -0.013747966761029086 8.026314390008338e-06 -0.0004519522909348611 0.013742201986014347 0.9999054693438287 3.995753559138393e-07
0.9998500847520873 0.017313643031110756 0.00021397718415147062 -6.727844947818085e-07 -0.0173090658433893 0.9997556649749813 -0.013747966761029086 8.026314390008338e-06 -0.0004519522909348611 0.013742201986014347 0.9999054693438287 3.995753559138393e-07
0.9998500806588585 0.01731376780474451 0.0002228247688224796 -6.741804554621922e-07 -0.01730906577252871 0.9997555680430491 -0.013755013958646577 8.026108844205737e-06 -0.0004609214211592057 0.013749094927437209 0.9999053704926881 9.045518254424678e-07
0.9998500806588585 0.01731376780474451 0.0002228247688224796 -6.741804554621922e-07 -0.01730906577252871 0.9997555680430491 -0.013755013958646577 8.026108844205737e-06 -0.0004609214211592057 0.013749094927437209 0.9999053704926881 9.045518254424678e-07
0.9998500806588585 0.01731376780474451 0.0002228247688224796 -6.741804554621922e-07 -0.01730906577252871 0.9997555680430491 -0.013755013958646577 8.026108844205737e-06 -0.0004609214211592057 0.013749094927437209 0.9999053704926881 9.045518254424678e-07
0.9998500806588585 0.01731376780474451 0.0002228247688224796 -6.741804554621922e-07 -0.01730906577252871 0.9997555680430491 -0.013755013958646577 8.026108844205737e-06 -0.0004609214211592057 0.013749094927437209 0.9999053704926881 9.045518254424678e-07
0.9998500806588585 0.01731376780474451 0.0002228247688224796 -6.741804554621922e-07 -0.01730906577252871 0.9997555680430491 -0.013755013958646577 8.026108844205737e-06 -0.0004609214211592057 0.013749094927437209 0.9999053704926881 9.045518254424678e-07
0.9998500806588585 0.01731376780474451 0.0002228247688224796 -6.741804554621922e-07 -0.01730906577252871 0.9997555680430491 -0.013755013958646577 8.026108844205737e-06 -0.0004609214211592057 0.013749094927437209 0.9999053704926881 9.045518254424678e-07
0.99985006937214 0.01731409521734018 0.00024674547973873846 -6.785954269616923e-07 -0.017309065577136868 0.99975560510633 -0.01375232007053314 8.025512215681374e-06 -0.0004847941555640033 0.013745987242860774 0.9999054019302756 2.294935256941244e-06
0.999850071624901 0.017314025235986092 0.0002424908411796782 -6.846190672149532e-07 -0.0173090656161359 0.9997559349629556 -0.013728319410730222 8.024649105209392e-06 -0.00048012412636860353 0.01372206385622684 0.9999057327790201 5.363112904888112e-06
0.999850071624901 0.017314025235986092 0.0002424908411796782 -6.846190672149532e-07 -0.0173090656161359 0.9997559349629556 -0.013728319410730222 8.024649105209392e-06 -0.00048012412636860353 0.01372206385622684 0.9999057327790201 5.363112904888112e-06
0.999850071624901 0.017314025235986092 0.0002424908411796782 -6.846190672149532e-07 -0.0173090656161359 0.9997559349629556 -0.013728319410730222 8.024649105209392e-06 -0.00048012412636860353 0.01372206385622684 0.9999057327790201 5.363112904888112e-06
0.999850071624901 0.017314025235986092 0.0002424908411796782 -6.846190672149532e-07 -0.0173090656161359 0.9997559349629556 -0.013728319410730222 8.024649105209392e-06 -0.00048012412636860353 0.01372206385622684 0.9999057327790201 5.363112904888112e-06
0.999850071624901 0.017314025235986092 0.0002424908411796782 -6.846190672149532e-07 -0.0173090656161359 0.9997559349629556 -0.013728319410730222 8.024649105209392e-06 -0.00048012412636860353 0.01372206385622684 0.9999057327790201 5.363112904888112e-06
0.999850071624901 0.017314025235986092 0.0002424908411796782 -6.846190672149532e-07 -0.0173090656161359 0.9997559349629556 -0.013728319410730222 8.024649105209392e-06 -0.00048012412636860353 0.01372206385622684 0.9999057327790201 5.363112904888112e-06
0.999850071624901 0.017314025235986092 0.0002424908411796782 -6.846190672149532e-07 -0.0173090656161359 0.9997559349629556 -0.013728319410730222 8.024649105209392e-06 -0.00048012412636860353 0.01372206385622684 0.9999057327790201 5.363112904888112e-06
0.9994062745160343 0.03445429493763265 -4.281565722334289e-06 -8.076171980064828e-07 -0.03444161690388883 0.9990351399654667 -0.027250030077528194 1.6403840845669038e-06 -0.0009346031387398335 0.02723399850427869 0.9996286489704275 4.545734554994851e-06
0.9994062745160343 0.03445429493763265 -4.281565722334289e-06 -8.076171980064828e-07 -0.03444161690388883 0.9990351399654667 -0.027250030077528194 1.6403840845669038e-06 -0.0009346031387398335 0.02723399850427869 0.9996286489704275 4.545734554994851e-06
0.9994062745160343 0.03445429493763265 -4.281565722334289e-06 -8.076171980064828e-07 -0.03444161690388883 0.9990351399654667 -0.027250030077528194 1.6403840845669038e-06 -0.0009346031387398335 0.02723399850427869 0.9996286489704275 4.545734554994851e-06
0.9994062745160343 0.03445429493763265 -4.281565722334289e-06 -8.076171980064828e-07 -0.03444161690388883 0.9990351399654667 -0.027250030077528194 1.6403840845669038e-06 -0.0009346031387398335 0.02723399850427869 0.9996286489704275 4.545734554994851e-06
0.9994062745160343 0.03445429493763265 -4.281565722334289e-06 -8.076171980064828e-07 -0.03444161690388883 0.9990351399654667 -0.027250030077528194 1.6403840845669038e-06 -0.0009346031387398335 0.02723399850427869 0.9996286489704275 4.545734554994851e-06
0.9994062814020851 0.034454093582233905 -1.1379056078380926e-05 -8.212315378841595e-07 -0.034441617141196465 0.9990353817219865 -0.027241165105481396 1.0697381185309496e-06 -0.0009272015722004394 0.02722538343222228 0.9996288905359894 5.31282330484828e-06
0.9994062827766241 0.03445405323132027 -1.2749267901019561e-05 -8.348429787474743e-07 -0.034441617188565934 0.9990354723612367 -0.027237840762382833 4.990918114344822e-07 -0.000925717044653608 0.027222108292599117 0.99962898110652 6.814893822593149e-06
0.9994062827766241 0.03445405323132027 -1.2749267901019561e-05 -8.348429787474743e-07 -0.034441617188565934 0.9990354723612367 -0.027237840762382833 4.990918114344822e-07 -0.000925717044653608 0.027222108292599117 0.99962898110652 6.814893822593149e-06
0.9994062827766241 0.03445405323132027 -1.2749267901019561e-05 -8.348429787474743e-07 -0.034441617188565934 0.9990354723612367 -0.027237840762382833 4.990918114344822e-07 -0.000925717044653608 0.027222108292599117 0.99962898110652 6.814893822593149e-06
0.9994062827766241 0.03445405323132027 -1.2749267901019561e-05 -8.348429787474743e-07 -0.034441617188565934 0.9990354723612367 -0.027237840762382833 4.990918114344822e-07 -0.000925717044653608 0.027222108292599117 0.99962898110652 6.814893822593149e-06
0.9994062827766241 0.03445405323132027 -1.2749267901019561e-05 -8.348429787474743e-07 -0.034441617188565934 0.9990354723612367 -0.027237840762382833 4.990918114344822e-07 -0.000925717044653608 0.027222108292599117 0.99962898110652 6.814893822593149e-06
0.9994062827766241 0.03445405323132027 -1.2749267901019561e-05 -8.348429787474743e-07 -0.034441617188565934 0.9990354723612367 -0.027237840762382833 4.990918114344822e-07 -0.000925717044653608 0.027222108292599117 0.99962898110652 6.814893822593149e-06
0.9994062827766241 0.03445405323132027 -1.2749267901019561e-05 -8.348429787474743e-07 -0.034441617188565934 0.9990354723612367 -0.027237840762382833 4.990918114344822e-07 -0.000925717044653608 0.027222108292599117 0.99962898110652 6.814893822593149e-06
0.9994062827766241 0.03445405323132027 -1.2749267901019561e-05 -8.348429787474743e-07 -0.034441617188565934 0.9990354723612367 -0.027237840762382833 4.990918114344822e-07 -0.000925717044653608 0.027222108292599117 0.99962898110652 6.814893822593149e-06
0.9994062827766241 0.03445405323132027 -1.2749267901019561e-05 -8.348429787474743e-07 -0.034441617188565934 0.9990354723612367 -0.027237840762382833 4.990918114344822e-07 -0.000925717044653608 0.027222108292599117 0.99962898110652 6.814893822593149e-06
0.9986774426739317 0.05140902759682938 -0.00069092387744583 -8.29426312520809e-07 -0.05139464778959491 0.9978522659320459 -0.040613366677304634 1.933859493874479e-06 -0.001398453731617828 0.04059516296100001 0.9991746979739481 9.830844646785408e-06
0.9986774426739317 0.05140902759682938 -0.00069092387744583 -8.29426312520809e-07 -0.05139464778959491 0.9978522659320459 -0.040613366677304634 1.933859493874479e-06 -0.001398453731617828 0.04059516296100001 0.9991746979739481 9.830844646785408e-06
0.9986774426739317 0.05140902759682938 -0.00069092387744583 -8.29426312520809e-07 -0.05139464778959491 0.9978522659320459 -0.040613366677304634 1.933859493874479e-06 -0.001398453731617828 0.04059516296100001 0.9991746979739481 9.830844646785408e-06
0.9986774426739317 0.05140902759682938 -0.00069092387744583 -8.29426312520809e-07 -0.05139464778959491 0.9978522659320459 -0.040613366677304634 1.933859493874479e-06 -0.001398453731617828 0.04059516296100001 0.9991746979739481 9.830844646785408e-06
0.9986774426739317 0.05140902759682938 -0.00069092387744583 -8.29426312520809e-07 -0.05139464778959491 0.9978522659320459 -0.040613366677304634 1.933859493874479e-06 -0.001398453731617828 0.04059516296100001 0.9991746979739481 9.830844646785408e-06
0.9986774426739317 0.05140902759682938 -0.00069092387744583 -8.29426312520809e-07 -0.05139464778959491 0.9978522659320459 -0.040613366677304634 1.933859493874479e-06 -0.001398453731617828 0.04059516296100001 0.9991746979739481 9.830844646785408e-06
0.9986774426739317 0.05140902759682938 -0.00069092387744583 -8.29426312520809e-07 -0.05139464778959491 0.9978522659320459 -0.040613366677304634 1.933859493874479e-06 -0.001398453731617828 0.04059516296100001 0.9991746979739481 9.830844646785408e-06
0.9986774426739317 0.05140902759682938 -0.00069092387744583 -8.29426312520809e-07 -0.05139464778959491 0.9978522659320459 -0.040613366677304634 1.933859493874479e-06 -0.001398453731617828 0.04059516296100001 0.9991746979739481 9.830844646785408e-06
0.9986774426739317 0.05140902759682938 -0.00069092387744583 -8.29426312520809e-07 -0.05139464778959491 0.9978522659320459 -0.040613366677304634 1.933859493874479e-06 -0.001398453731617828 0.04059516296100001 0.9991746979739481 9.830844646785408e-06
0.9986774426739317 0.05140902759682938 -0.00069092387744583 -8.29426312520809e-07 -0.05139464778959491 0.9978522659320459 -0.040613366677304634 1.933859493874479e-06 -0.001398453731617828 0.04059516296100001 0.9991746979739481 9.830844646785408e-06
0.9986774391960465 0.05140912777021508 -0.0006884930882574662 -8.340400654560653e-07 -0.05139464761061353 0.9978522197390721 -0.04061450182862503 1.7853458302852232e-06 -0.0014009417574386966 0.040596171540087725 0.9991746535108265 1.1048714441130869e-05
0.9986774391960465 0.05140912777021508 -0.0006884930882574662 -8.340400654560653e-07 -0.05139464761061353 0.9978522197390721 -0.04061450182862503 1.7853458302852232e-06 -0.0014009417574386966 0.040596171540087725 0.9991746535108265 1.1048714441130869e-05
0.9986774391960465 0.05140912777021508 -0.0006884930882574662 -8.340400654560653e-07 -0.05139464761061353 0.9978522197390721 -0.04061450182862503 1.7853458302852232e-06 -0.0014009417574386966 0.040596171540087725 0.9991746535108265 1.1048714441130869e-05
0.9986774391960465 0.05140912777021508 -0.0006884930882574662 -8.340400654560653e-07 -0.05139464761061353 0.9978522197390721 -0.04061450182862503 1.7853458302852232e-06 -0.0014009417574386966 0.040596171540087725 0.9991746535108265 1.1048714441130869e-05
0.9986774391960465 0.05140912777021508 -0.0006884930882574662 -8.340400654560653e-07 -0.05139464761061353 0.9978522197390721 -0.04061450182862503 1.7853458302852232e-06 -0.0014009417574386966 0.040596171540087725 0.9991746535108265 1.1048714441130869e-05
0.9986774391960465 0.05140912777021508 -0.0006884930882574662 -8.340400654560653e-07 -0.05139464761061353 0.9978522197390721 -0.04061450182862503 1.7853458302852232e-06 -0.0014009417574386966 0.040596171540087725 0.9991746535108265 1.1048714441130869e-05
0.9986774391960465 0.05140912777021508 -0.0006884930882574662 -8.340400654560653e-07 -0.05139464761061353 0.9978522197390721 -0.04061450182862503 1.7853458302852232e-06 -0.0014009417574386966 0.040596171540087725 0.9991746535108265 1.1048714441130869e-05
0.9986774391960465 0.05140912777021508 -0.0006884930882574662 -8.340400654560653e-07 -0.05139464761061353 0.9978522197390721 -0.04061450182862503 1.7853458302852232e-06 -0.0014009417574386966 0.040596171540087725 0.9991746535108265 1.1048714441130869e-05
0.9986774391960465 0.05140912777021508 -0.0006884930882574662 -8.340400654560653e-07 -0.05139464761061353 0.9978522197390721 -0.04061450182862503 1.7853458302852232e-06 -0.0014009417574386966 0.040596171540087725 0.9991746535108265 1.1048714441130869e-05
0.9986774391960465 0.05140912777021508 -0.0006884930882574662 -8.340400654560653e-07 -0.05139464761061353 0.9978522197390721 -0.04061450182862503 1.7853458302852232e-06 -0.0014009417574386966 0.040596171540087725 0.9991746535108265 1.1048714441130869e-05
0.9976723351133677 0.06816583127437291 -0.0018251564627902728 -1.7545467301260942e-07 -0.06816516333433463 0.9962217083308074 -0.05381280849436501 -1.9429495523581863e-07 -0.001849934334895087 0.05381196239797843 0.9985493730636633 4.691580670623807e-06
0.9976723351133677 0.06816583127437291 -0.0018251564627902728 -1.7545467301260942e-07 -0.06816516333433463 0.9962217083308074 -0.05381280849436501 -1.9429495523581863e-07 -0.001849934334895087 0.05381196239797843 0.9985493730636633 4.691580670623807e-06
0.9976723351133677 0.06816583127437291 -0.0018251564627902728 -1.7545467301260942e-07 -0.06816516333433463 0.9962217083308074 -0.05381280849436501 -1.9429495523581863e-07 -0.001849934334895087 0.05381196239797843 0.9985493730636633 4.691580670623807e-06
0.9976723351133677 0.06816583127437291 -0.0018251564627902728 -1.7545467301260942e-07 -0.06816516333433463 0.9962217083308074 -0.05381280849436501 -1.9429495523581863e-07 -0.001849934334895087 0.05381196239797843 0.9985493730636633 4.691580670623807e-06
0.9976723351133677 0.06816583127437291 -0.0018251564627902728 -1.7545467301260942e-07 -0.06816516333433463 0.9962217083308074 -0.05381280849436501 -1.9429495523581863e-07 -0.001849934334895087 0.05381196239797843 0.9985493730636633 4.691580670623807e-06
0.9976723351133677 0.06816583127437291 -0.0018251564627902728 -1.7545467301260942e-07 -0.06816516333433463 0.9962217083308074 -0.05381280849436501 -1.9429495523581863e-07 -0.001849934334895087 0.05381196239797843 0.9985493730636633 4.691580670623807e-06
0.9976723351133677 0.06816583127437291 -0.0018251564627902728 -1.7545467301260942e-07 -0.06816516333433463 0.9962217083308074 -0.05381280849436501 -1.9429495523581863e-07 -0.001849934334895087 0.05381196239797843 0.9985493730636633 4.691580670623807e-06
0.9976723351133677 0.06816583127437291 -0.0018251564627902728 -1.7545467301260942e-07 -0.06816516333433463 0.9962217083308074 -0.05381280849436501 -1.9429495523581863e-07 -0.001849934334895087 0.05381196239797843 0.9985493730636633 4.691580670623807e-06
0.9963995610015642 0.08471370413606678 -0.0033916319725126186 1.64241910738383e-07 -0.08475068729291195 0.9941595833824883 -0.06681349992431364 -4.3280542172396963e-07 -0.002288195636103553 0.06686038513427921 0.9977597170964695 6.892605597386137e-06
0.9963995610015642 0.08471370413606678 -0.0033916319725126186 1.64241910738383e-07 -0.08475068729291195 0.9941595833824883 -0.06681349992431364 -4.3280542172396963e-07 -0.002288195636103553 0.06686038513427921 0.9977597170964695 6.892605597386137e-06
0.9963995610015642 0.08471370413606678 -0.0033916319725126186 1.64241910738383e-07 -0.08475068729291195 0.9941595833824883 -0.06681349992431364 -4.3280542172396963e-07 -0.002288195636103553 0.06686038513427921 0.9977597170964695 6.892605597386137e-06
0.9963995610015642 0.08471370413606678 -0.0033916319725126186 1.64241910738383e-07 -0.08475068729291195 0.9941595833824883 -0.06681349992431364 -4.3280542172396963e-07 -0.002288195636103553 0.06686038513427921 0.9977597170964695 6.892605597386137e-06
0.9963995610015642 0.08471370413606678 -0.0033916319725126186 1.64241910738383e-07 -0.08475068729291195 0.9941595833824883 -0.06681349992431364 -4.3280542172396963e-07 -0.002288195636103553 0.06686038513427921 0.9977597170964695 6.892605597386137e-06
0.9963995610015642 0.08471370413606678 -0.0033916319725126186 1.64241910738383e-07 -0.08475068729291195 0.9941595833824883 -0.06681349992431364 -4.3280542172396963e-07 -0.002288195636103553 0.06686038513427921 0.9977597170964695 6.892605597386137e-06
0.9963995610015642 0.08471370413606678 -0.0033916319725126186 1.64241910738383e-07 -0.08475068729291195 0.9941595833824883 -0.06681349992431364 -4.3280542172396963e-07 -0.002288195636103553 0.06686038513427921 0.9977597170964695 6.892605597386137e-06
0.9963995610015642 0.08471370413606678 -0.0033916319725126186 1.64241910738383e-07 -0.08475068729291195 0.9941595833824883 -0.06681349992431364 -4.3280542172396963e-07 -0.002288195636103553 0.06686038513427921 0.9977597170964695 6.892605597386137e-06
0.9963995610015642 0.08471370413606678 -0.0033916319725126186 1.64241910738383e-07 -0.08475068729291195 0.9941595833824883 -0.06681349992431364 -4.3280542172396963e-07 -0.002288195636103553 0.06686038513427921 0.9977597170964695 6.892605597386137e-06
0.9963995610015642 0.08471370413606678 -0.0033916319725126186 1.64241910738383e-07 -0.08475068729291195 0.9941595833824883 -0.06681349992431364 -4.3280542172396963e-07 -0.002288195636103553 0.06686038513427921 0.9977597170964695 6.892605597386137e-06
0.9963996019303534 0.08471256087989906 -0.0034081229735547164 2.8427243137230107e-07 -0.08475069077418906 0.9941608103665039 -0.06679523594324761 -1.1355713240845944e-06 -0.0022701731941117314 0.0668435872809481 0.997760883755764 1.2360017535684165e-05
0.9963996019303534 0.08471256087989906 -0.0034081229735547164 2.8427243137230107e-07 -0.08475069077418906 0.9941608103665039 -0.06679523594324761 -1.1355713240845944e-06 -0.0022701731941117314 0.0668435872809481 0.997760883755764 1.2360017535684165e-05
0.9963996019303534 0.08471256087989906 -0.0034081229735547164 2.8427243137230107e-07 -0.08475069077418906 0.9941608103665039 -0.06679523594324761 -1.1355713240845944e-06 -0.0022701731941117314 0.0668435872809481 0.997760883755764 1.2360017535684165e-05
0.9963996019303534 0.08471256087989906 -0.0034081229735547164 2.8427243137230107e-07 -0.08475069077418906 0.9941608103665039 -0.06679523594324761 -1.1355713240845944e-06 -0.0022701731941117314 0.0668435872809481 0.997760883755764 1.2360017535684165e-05
0.9963996019303534 0.08471256087989906 -0.0034081229735547164 2.8427243137230107e-07 -0.08475069077418906 0.9941608103665039 -0.06679523594324761 -1.1355713240845944e-06 -0.0022701731941117314 0.0668435872809481 0.997760883755764 1.2360017535684165e-05
0.9963996019303534 0.08471256087989906 -0.0034081229735547164 2.8427243137230107e-07 -0.08475069077418906 0.9941608103665039 -0.06679523594324761 -1.1355713240845944e-06 -0.0022701731941117314 0.0668435872809481 0.997760883755764 1.2360017535684165e-05
0.9963996019303534 0.08471256087989906 -0.0034081229735547164 2.8427243137230107e-07 -0.08475069077418906 0.9941608103665039 -0.06679523594324761 -1.1355713240845944e-06 -0.0022701731941117314 0.0668435872809481 0.997760883755764 1.2360017535684165e-05
0.9963996019303534 0.08471256087989906 -0.0034081229735547164 2.8427243137230107e-07 -0.08475069077418906 0.9941608103665039 -0.06679523594324761 -1.1355713240845944e-06 -0.0022701731941117314 0.0668435872809481 0.997760883755764 1.2360017535684165e-05
0.9963996019303534 0.08471256087989906 -0.0034081229735547164 2.8427243137230107e-07 -0.08475069077418906 0.9941608103665039 -0.06679523594324761 -1.1355713240845944e-06 -0.0022701731941117314 0.0668435872809481 0.997760883755764 1.2360017535684165e-05
0.9963996019303534 0.08471256087989906 -0.0034081229735547164 2.8427243137230107e-07 -0.08475069077418906 0.9941608103665039 -0.06679523594324761 -1.1355713240845944e-06 -0.0022701731941117314 0.0668435872809481 0.997760883755764 1.2360017535684165e-05
0.9963996019303534 0.08471256087989906 -0.0034081229735547164 2.8427243137230107e-07 -0.08475069077418906 0.9941608103665039 -0.06679523594324761 -1.1355713240845944e-06 -0.0022701731941117314 0.0668435872809481 0.997760883755764 1.2360017535684165e-05
0.9963996000092498 0.08471258453033785 -0.0034080967705510373 4.0420454183731636e-07 -0.0847506906107859 0.9941601605374546 -0.06680490731328965 -1.8385588873570669e-06 -0.0022710223252802326 0.0668532214805894 0.997760236347022 2.292167664563749e-05
0.9963996000092498 0.08471258453033785 -0.0034080967705510373 4.0420454183731636e-07 -0.0847506906107859 0.9941601605374546 -0.06680490731328965 -1.8385588873570669e-06 -0.0022710223252802326 0.0668532214805894 0.997760236347022 2.292167664563749e-05
0.9963996000092498 0.08471258453033785 -0.0034080967705510373 4.0420454183731636e-07 -0.0847506906107859 0.9941601605374546 -0.06680490731328965 -1.8385588873570669e-06 -0.0022710223252802326 0.0668532214805894 0.997760236347022 2.292167664563749e-05
0.9963996000092498 0.08471258453033785 -0.0034080967705510373 4.0420454183731636e-07 -0.0847506906107859 0.9941601605374546 -0.06680490731328965 -1.8385588873570669e-06 -0.0022710223252802326 0.0668532214805894 0.997760236347022 2.292167664563749e-05
0.9963996000092498 0.08471258453033785 -0.0034080967705510373 4.0420454183731636e-07 -0.0847506906107859 0.9941601605374546 -0.06680490731328965 -1.8385588873570669e-06 -0.0022710223252802326 0.0668532214805894 0.997760236347022 2.292167664563749e-05
0.9963996000092498 0.08471258453033785 -0.0034080967705510373 4.0420454183731636e-07 -0.0847506906107859 0.9941601605374546 -0.06680490731328965 -1.8385588873570669e-06 -0.0022710223252802326 0.0668532214805894 0.997760236347022 2.292167664563749e-05
0.9963996000092498 0.08471258453033785 -0.0034080967705510373 4.0420454183731636e-07 -0.0847506906107859 0.9941601605374546 -0.06680490731328965 -1.8385588873570669e-06 -0.0022710223252802326 0.0668532214805894 0.997760236347022 2.292167664563749e-05
0.9963996000092498 0.08471258453033785 -0.0034080967705510373 4.0420454183731636e-07 -0.0847506906107859 0.9941601605374546 -0.06680490731328965 -1.8385588873570669e-06 -0.0022710223252802326 0.0668532214805894 0.997760236347022 2.292167664563749e-05
0.9963996000092498 0.08471258453033785 -0.0034080967705510373 4.0420454183731636e-07 -0.0847506906107859 0.9941601605374546 -0.06680490731328965 -1.8385588873570669e-06 -0.0022710223252802326 0.0668532214805894 0.997760236347022 2.292167664563749e-05
0.9963996000092498 0.08471258453033785 -0.0034080967705510373 4.0420454183731636e-07 -0.0847506906107859 0.9941601605374546 -0.06680490731328965 -1.8385588873570669e-06 -0.0022710223252802326 0.0668532214805894 0.997760236347022 2.292167664563749e-05
0.9963996000092498 0.08471258453033785 -0.0034080967705510373 4.0420454183731636e-07 -0.0847506906107859 0.9941601605374546 -0.06680490731328965 -1.8385588873570669e-06 -0.0022710223252802326 0.0668532214805894 0.997760236347022 2.292167664563749e-05
0.9963996000092498 0.08471258453033785 -0.0034080967705510373 4.0420454183731636e-07 -0.0847506906107859 0.9941601605374546 -0.06680490731328965 -1.8385588873570669e-06 -0.0022710223252802326 0.0668532214805894 0.997760236347022 2.292167664563749e-05
0.9963996000092498 0.08471258453033785 -0.0034080967705510373 4.0420454183731636e-07 -0.0847506906107859 0.9941601605374546 -0.06680490731328965 -1.8385588873570669e-06 -0.0022710223252802326 0.0668532214805894 0.997760236347022 2.292167664563749e-05
0.9963996000092498 0.08471258453033785 -0.0034080967705510373 4.0420454183731636e-07 -0.0847506906107859 0.9941601605374546 -0.06680490731328965 -1.8385588873570669e-06 -0.0022710223252802326 0.0668532214805894 0.997760236347022 2.292167664563749e-05
0.9963996000092498 0.08471258453033785 -0.0034080967705510373 4.0420454183731636e-07 -0.0847506906107859 0.9941601605374546 -0.06680490731328965 -1.8385588873570669e-06 -0.0022710223252802326 0.0668532214805894 0.997760236347022 2.292167664563749e-05
0.9963996000092498 0.08471258453033785 -0.0034080967705510373 4.0420454183731636e-07 -0.0847506906107859 0.9941601605374546 -0.06680490731328965 -1.8385588873570669e-06 -0.0022710223252802326 0.0668532214805894 0.997760236347022 2.292167664563749e-05
0.9963996000092498 0.08471258453033785 -0.0034080967705510373 4.0420454183731636e-07 -0.0847506906107859 0.9941601605374546 -0.06680490731328965 -1.8385588873570669e-06 -0.0022710223252802326 0.0668532214805894 0.997760236347022 2.292167664563749e-05
0.9963996000092498 0.08471258453033785 -0.0034080967705510373 4.0420454183731636e-07 -0.0847506906107859 0.9941601605374546 -0.06680490731328965 -1.8385588873570669e-06 -0.0022710223252802326 0.0668532214805894 0.997760236347022 2.292167664563749e-05
0.9963996000092498 0.08471258453033785 -0.0034080967705510373 4.0420454183731636e-07 -0.0847506906107859 0.9941601605374546 -0.06680490731328965 -1.8385588873570669e-06 -0.0022710223252802326 0.0668532214805894 0.997760236347022 2.292167664563749e-05
0.9948675865211892 0.10104262499279795 -0.00537338106491137 1.5298194284696365e-06 -0.10114881238689444 0.9916766036831713 -0.0796644930952999 -1.0764785656647291e-05 -0.0027208532163229583 0.07979913309037297 0.9968072508342825 1.2863511983596254e-05
0.9948676159282758 0.10104180270930599 -0.005383389493835513 1.981659806915559e-06 -0.1011488153767314 0.9916773117647413 -0.07965567449303233 -1.3907277207181323e-05 -0.0027099677253723184 0.07979137444805486 0.9968079015731254 2.739644878602121e-05
0.9948676159282758 0.10104180270930599 -0.005383389493835513 1.981659806915559e-06 -0.1011488153767314 0.9916773117647413 -0.07965567449303233 -1.3907277207181323e-05 -0.0027099677253723184 0.07979137444805486 0.9968079015731254 2.739644878602121e-05
0.9948676159282758 0.10104180270930599 -0.005383389493835513 1.981659806915559e-06 -0.1011488153767314 0.9916773117647413 -0.07965567449303233 -1.3907277207181323e-05 -0.0027099677253723184 0.07979137444805486 0.9968079015731254 2.739644878602121e-05
0.9948676159282758 0.10104180270930599 -0.005383389493835513 1.981659806915559e-06 -0.1011488153767314 0.9916773117647413 -0.07965567449303233 -1.3907277207181323e-05 -0.0027099677253723184 0.07979137444805486 0.9968079015731254 2.739644878602121e-05
0.9948676159282758 0.10104180270930599 -0.005383389493835513 1.981659806915559e-06 -0.1011488153767314 0.9916773117647413 -0.07965567449303233 -1.3907277207181323e-05 -0.0027099677253723184 0.07979137444805486 0.9968079015731254 2.739644878602121e-05
0.9948676159282758 0.10104180270930599 -0.005383389493835513 1.981659806915559e-06 -0.1011488153767314 0.9916773117647413 -0.07965567449303233 -1.3907277207181323e-05 -0.0027099677253723184 0.07979137444805486 0.9968079015731254 2.739644878602121e-05
0.9948676159282758 0.10104180270930599 -0.005383389493835513 1.981659806915559e-06 -0.1011488153767314 0.9916773117647413 -0.07965567449303233 -1.3907277207181323e-05 -0.0027099677253723184 0.07979137444805486 0.9968079015731254 2.739644878602121e-05
0.9948676159282758 0.10104180270930599 -0.005383389493835513 1.981659806915559e-06 -0.1011488153767314 0.9916773117647413 -0.07965567449303233 -1.3907277207181323e-05 -0.0027099677253723184 0.07979137444805486 0.9968079015731254 2.739644878602121e-05
0.9948676159282758 0.10104180270930599 -0.005383389493835513 1.981659806915559e-06 -0.1011488153767314 0.9916773117647413 -0.07965567449303233 -1.3907277207181323e-05 -0.0027099677253723184 0.07979137444805486 0.9968079015731254 2.739644878602121e-05
0.9930847334156965 0.11714341248100799 -0.007754557948683273 -8.58631324263115e-07 -0.11735762299736596 0.9887896882652389 -0.09231544131259803 -1.5531792314504855e-06 -0.0031465188833346906 0.09258711191432659 0.9956996164136456 2.713278627197724e-05
0.9910591691766419 0.13300823176946142 -0.01051349002307841 -1.5064664466990507e-06 -0.13337517446264102 0.9855108943319846 -0.10478234579370635 3.214805474271998e-06 -0.0035757555794827395 0.10524774313272953 0.9944396042684054 2.6619563868734986e-05
0.9910591691766419 0.13300823176946142 -0.01051349002307841 -1.5064664466990507e-06 -0.13337517446264102 0.9855108943319846 -0.10478234579370635 3.214805474271998e-06 -0.0035757555794827395 0.10524774313272953 0.9944396042684054 2.6619563868734986e-05
0.991059170615547 0.13300819662149627 -0.010513799043227107 -1.523814376014343e-06 -0.13337517465628657 0.9855109718551636 -0.10478161641478918 3.2181253573071444e-06 -0.0035753495254358452 0.10524706164348886 0.9944396778544099 2.7128284273203462e-05
0.9910591889802157 0.13300759826065384 -0.010519636058791295 -1.5585550272589899e-06 -0.13337517712777464 0.9855104731893141 -0.10478630330491155 3.2247198760160245e-06 -0.003570163023119915 0.10525248709226155 0.9944391222678649 2.8866619686596096e-05
0.9910591889802157 0.13300759826065384 -0.010519636058791295 -1.5585550272589899e-06 -0.13337517712777464 0.9855104731893141 -0.10478630330491155 3.2247198760160245e-06 -0.003570163023119915 0.10525248709226155 0.9944391222678649 2.8866619686596096e-05
0.9910591889802157 0.13300759826065384 -0.010519636058791295 -1.5585550272589899e-06 -0.13337517712777464 0.9855104731893141 -0.10478630330491155 3.2247198760160245e-06 -0.003570163023119915 0.10525248709226155 0.9944391222678649 2.8866619686596096e-05
0.9910591889802157 0.13300759826065384 -0.010519636058791295 -1.5585550272589899e-06 -0.13337517712777464 0.9855104731893141 -0.10478630330491155 3.2247198760160245e-06 -0.003570163023119915 0.10525248709226155 0.9944391222678649 2.8866619686596096e-05
0.9910591054144696 0.13301013628069752 -0.010495390495904797 -1.6106982911878731e-06 -0.1333751658816288 0.9855109663819683 -0.10478167906140254 3.234504902138724e-06 -0.003593702981502196 0.10524466156280343 0.9944398657090391 3.228180867154151e-05
0.9910591054144696 0.13301013628069752 -0.010495390495904797 -1.6106982911878731e-06 -0.1333751658816288 0.9855109663819683 -0.10478167906140254 3.234504902138724e-06 -0.003593702981502196 0.10524466156280343 0.9944398657090391 3.228180867154151e-05
0.9910591054144696 0.13301013628069752 -0.010495390495904797 -1.6106982911878731e-06 -0.1333751658816288 0.9855109663819683 -0.10478167906140254 3.234504902138724e-06 -0.003593702981502196 0.10524466156280343 0.9944398657090391 3.228180867154151e-05
0.9910591054144696 0.13301013628069752 -0.010495390495904797 -1.6106982911878731e-06 -0.1333751658816288 0.9855109663819683 -0.10478167906140254 3.234504902138724e-06 -0.003593702981502196 0.10524466156280343 0.9944398657090391 3.228180867154151e-05
0.9910591054144696 0.13301013628069752 -0.010495390495904797 -1.6106982911878731e-06 -0.1333751658816288 0.9855109663819683 -0.10478167906140254 3.234504902138724e-06 -0.003593702981502196 0.10524466156280343 0.9944398657090391 3.228180867154151e-05
0.9910591054144696 0.13301013628069752 -0.010495390495904797 -1.6106982911878731e-06 -0.1333751658816288 0.9855109663819683 -0.10478167906140254 3.234504902138724e-06 -0.003593702981502196 0.10524466156280343 0.9944398657090391 3.228180867154151e-05
0.9910590655137146 0.13301136774712533 -0.010483544873842548 -1.6628785033390159e-06 -0.1333751605118483 0.9855114565454081 -0.10477707562337718 3.244315394113073e-06 -0.003604888558829667 0.10523851513484589 0.9944404757001252 3.1262119591701776e-05
0.9887987808804664 0.14863476679738388 -0.013589592649920053 -9.34391380269517e-07 -0.1491996941823043 0.9818565453341355 -0.11703493341914456 2.5453696252952795e-06 -0.004052429544153243 0.11775156255270686 0.9930348167769274 1.6072892321972176e-05
0.988798770018946 0.14863518777315196 -0.01358577802923184 -9.403578928868228e-07 -0.14919969254341117 0.9818574063035026 -0.11702771223906851 2.538272156016319e-06 -0.004055139204919655 0.1177438518250465 0.9930357200037823 1.4716702935402282e-05
0.988798770018946 0.14863518777315196 -0.01358577802923184 -9.403578928868228e-07 -0.14919969254341117 0.9818574063035026 -0.11702771223906851 2.538272156016319e-06 -0.004055139204919655 0.1177438518250465 0.9930357200037823 1.4716702935402282e-05
0.988798770018946 0.14863518777315196 -0.01358577802923184 -9.403578928868228e-07 -0.14919969254341117 0.9818574063035026 -0.11702771223906851 2.538272156016319e-06 -0.004055139204919655 0.1177438518250465 0.9930357200037823 1.4716702935402282e-05
0.9887987608522186 0.148635521362658 -0.013582795233961331 -9.705697721074102e-07 -0.14919969116024517 0.9818579477167415 -0.11702317147965216 2.503652922314359e-06 -0.004057424651715821 0.11773891580407664 0.993036295917967 1.0208475032413844e-05
0.9887987608522186 0.148635521362658 -0.013582795233961331 -9.705697721074102e-07 -0.14919969116024517 0.9818579477167415 -0.11702317147965216 2.503652922314359e-06 -0.004057424651715821 0.11773891580407664 0.993036295917967 1.0208475032413844e-05
0.9887987608522186 0.148635521362658 -0.013582795233961331 -9.705697721074102e-07 -0.14919969116024517 0.9818579477167415 -0.11702317147965216 2.503652922314359e-06 -0.004057424651715821 0.11773891580407664 0.993036295917967 1.0208475032413844e-05
0.9887987608522186 0.148635521362658 -0.013582795233961331 -9.705697721074102e-07 -0.14919969116024517 0.9818579477167415 -0.11702317147965216 2.503652922314359e-06 -0.004057424651715821 0.11773891580407664 0.993036295917967 1.0208475032413844e-05
0.9887987608522186 0.148635521362658 -0.013582795233961331 -9.705697721074102e-07 -0.14919969116024517 0.9818579477167415 -0.11702317147965216 2.503652922314359e-06 -0.004057424651715821 0.11773891580407664 0.993036295917967 1.0208475032413844e-05
0.9863118409117991 0.16400531425939072 -0.01706485780357673 -4.5932713987895113e-07 -0.16482986043327572 0.977841733039427 -0.12906069206383805 1.1472803862488945e-06 -0.00447990923174335 0.13010688690891217 0.9914898528941922 -5.633218734146794e-06
0.9863118382861455 0.16400544466965414 -0.017063756190044552 -4.5837683160243614e-07 -0.16482985999448338 0.9778421299239527 -0.12905768555179678 1.1242473192396574e-06 -0.004480503409582624 0.13010373962533303 0.9914902632021659 -6.561832378793042e-06
0.9863118382861455 0.16400544466965414 -0.017063756190044552 -4.5837683160243614e-07 -0.16482985999448338 0.9778421299239527 -0.12905768555179678 1.1242473192396574e-06 -0.004480503409582624 0.13010373962533303 0.9914902632021659 -6.561832378793042e-06
0.9863118382861455 0.16400544466965414 -0.017063756190044552 -4.5837683160243614e-07 -0.16482985999448338 0.9778421299239527 -0.12905768555179678 1.1242473192396574e-06 -0.004480503409582624 0.13010373962533303 0.9914902632021659 -6.561832378793042e-06
0.9863118382861455 0.16400544466965414 -0.017063756190044552 -4.5837683160243614e-07 -0.16482985999448338 0.9778421299239527 -0.12905768555179678 1.1242473192396574e-06 -0.004480503409582624 0.13010373962533303 0.9914902632021659 -6.561832378793042e-06
0.9863118382861455 0.16400544466965414 -0.017063756190044552 -4.5837683160243614e-07 -0.16482985999448338 0.9778421299239527 -0.12905768555179678 1.1242473192396574e-06 -0.004480503409582624 0.13010373962533303 0.9914902632021659 -6.561832378793042e-06
0.9863118382861455 0.16400544466965414 -0.017063756190044552 -4.5837683160243614e-07 -0.16482985999448338 0.9778421299239527 -0.12905768555179678 1.1242473192396574e-06 -0.004480503409582624 0.13010373962533303 0.9914902632021659 -6.561832378793042e-06
0.9863118382861455 0.16400544466965414 -0.017063756190044552 -4.5837683160243614e-07 -0.16482985999448338 0.9778421299239527 -0.12905768555179678 1.1242473192396574e-06 -0.004480503409582624 0.13010373962533303 0.9914902632021659 -6.561832378793042e-06
0.9863118382861455 0.16400544466965414 -0.017063756190044552 -4.5837683160243614e-07 -0.16482985999448338 0.9778421299239527 -0.12905768555179678 1.1242473192396574e-06 -0.004480503409582624 0.13010373962533303 0.9914902632021659 -6.561832378793042e-06
0.9863118382861455 0.16400544466965414 -0.017063756190044552 -4.5837683160243614e-07 -0.16482985999448338 0.9778421299239527 -0.12905768555179678 1.1242473192396574e-06 -0.004480503409582624 0.13010373962533303 0.9914902632021659 -6.561832378793042e-06
0.9863118382861455 0.16400544466965414 -0.017063756190044552 -4.5837683160243614e-07 -0.16482985999448338 0.9778421299239527 -0.12905768555179678 1.1242473192396574e-06 -0.004480503409582624 0.13010373962533303 0.9914902632021659 -6.561832378793042e-06
0.9863118382861455 0.16400544466965414 -0.017063756190044552 -4.5837683160243614e-07 -0.16482985999448338 0.9778421299239527 -0.12905768555179678 1.1242473192396574e-06 -0.004480503409582624 0.13010373962533303 0.9914902632021659 -6.561832378793042e-06
0.9863118382861455 0.16400544466965414 -0.017063756190044552 -4.5837683160243614e-07 -0.16482985999448338 0.9778421299239527 -0.12905768555179678 1.1242473192396574e-06 -0.004480503409582624 0.13010373962533303 0.9914902632021659 -6.561832378793042e-06
