3.576281102368739e-07 -8.344633926626877e-07 0.9999999999995879 -1.3488659078575438e-08 -0.9999999999981171 -1.9073458261686937e-06 3.576265186211458e-07 -3.301656761323102e-07 1.9073455277407447e-06 -0.9999999999978328 -8.344640747282028e-07 2.4293769911309937e-06
-4.017327947691829e-05 5.961249489372378e-06 0.9999999991752857 4.285226168576628e-05 -0.99999999839088 4.0054070222894644e-05 -4.017351821766768e-05 9.609745757188648e-05 -4.005430967440882e-05 -0.9999999991800677 5.9596403763073624e-06 -2.5537345209158957e-05
1.0192202174408305e-05 -1.4306166156163869e-06 0.9999999999470363 2.7360150852473453e-05 -0.9999999996249471 2.5420939973985757e-05 1.0192238538875298e-05 -5.025719292461872e-05 -2.5420954553934116e-05 -0.9999999996758646 -1.430357519871528e-06 1.1881058526341803e-05
-3.528553109477528e-05 2.932562092355928e-05 0.9999999989474697 0.00017681106692180037 -0.9999999992460367 1.621186288092158e-05 -3.528600652813463e-05 0.00014054315397515893 -1.6212897648026914e-05 -0.9999999994385919 2.9325048857109515e-05 -4.777053254656494e-05
-2.005650500058742e-05 2.8606868374692063e-06 0.9999999997947764 5.576150579145178e-05 -0.9999999994487023 -2.646383675053432e-05 -2.005642928909479e-05 2.5900975742843002e-05 2.6463779370156093e-05 -0.9999999996457407 2.8612176082298824e-06 2.222174225607887e-05
1.1265219867107046e-05 -3.874208018839198e-07 0.9999999999364724 8.215502020902932e-06 -0.9999999999356877 -1.3112975870144261e-06 1.126521935906899e-05 -7.115874905139208e-05 1.3112932225056717e-06 -0.9999999999990652 -3.874355739008628e-07 1.670959682087414e-05
-9.396363110081296e-05 7.161633219587848e-05 0.9999999930209683 0.0002873642952181399 -0.9999999943393367 4.9914832660924446e-05 -9.396720594218033e-05 0.00034542407956905663 -4.992156189909114e-05 -0.9999999961898052 7.161164161173517e-05 -0.00012400117702782154
-2.2545261530559912e-05 1.7568535766065985e-05 0.9999999995915291 8.621410233899951e-05 -0.9999999996728323 1.2084595871542092e-05 -2.254547384089589e-05 8.937812526710331e-05 -1.208499195770596e-05 -0.9999999997726547 1.7568263309897247e-05 -2.801073424052447e-05
8.940695123138553e-08 8.940694323777976e-08 0.999999999999992 -2.0465471095576504e-08 -0.999999999999992 8.940695123138553e-08 8.940694323777976e-08 3.6254430568760654e-09 -8.940694323777976e-08 -0.999999999999992 8.940695123138553e-08 8.29913915367797e-12
-2.27836562386452e-05 1.661488318510651e-05 0.9999999996024251 8.291352423839271e-05 -0.9999999996391955 1.4230356578104342e-05 -2.278389267540426e-05 8.726580563234165e-05 -1.4230735124021177e-05 -0.9999999997607212 1.6614558959737735e-05 -2.821211819536984e-05
-5.973705521222783e-05 4.570244256718592e-05 0.9999999971713852 0.00018135177379008383 -0.9999999974260193 3.9739505033664635e-05 -5.97388714200231e-05 0.00024161298642866313 -3.97422351333665e-05 -0.999999998166029 4.5700068528664595e-05 -7.75239896029234e-05
-3.632767908168244e-05 3.545641094226948e-06 0.9999999993338642 6.958081212360412e-05 -0.9999999986046342 -3.8354154203057433e-05 -3.632754306515107e-05 5.5888180213514715e-05 3.835402537305521e-05 -0.9999999992581937 3.547034406692351e-06 2.7597343432717025e-05
-9.670608922429658e-06 -1.952182166642391e-06 0.9999999999513342 8.465118298772722e-06 -0.9999999993175035 -3.5657695387603106e-05 -9.670678526474408e-06 -3.474613913567737e-05 3.565771426472519e-05 -0.999999999362359 -1.951837333702411e-06 3.701109380926937e-05
-1.7046739407167166e-05 1.7642960226771365e-05 0.9999999996990672 0.00011093580542365089 -0.9999999998021516 1.0251789248960641e-05 -1.704692028087207e-05 6.957332516321912e-05 -1.0252090003992631e-05 -0.9999999997918132 1.76427854637895e-05 -2.9799019102938473e-05
-2.4884689683313255e-06 4.36603010123271e-06 0.9999999999873727 1.562852230563294e-05 -0.9999999999749187 6.630983385047529e-06 -2.488497919395094e-06 1.3680966731044464e-05 -6.63099424980107e-06 -0.999999999968484 4.366013600098917e-06 -7.691731298109517e-06
8.940695123138553e-08 8.940694323777976e-08 0.999999999999992 -1.1829628832060735e-08 -0.999999999999992 8.940695123138553e-08 8.940694323777976e-08 1.947262351364998e-09 -8.940694323777976e-08 -0.999999999999992 8.940695123138553e-08 -7.461169460043493e-10
-3.169431932459332e-05 2.1651602068739617e-05 0.9999999992633393 6.8037370510865e-05 -0.999999999244924 2.24853621918486e-05 -3.169480616804776e-05 9.119931200984865e-05 -2.248604841864621e-05 -0.9999999995128084 2.1650889394098094e-05 -3.898076101904735e-05
-3.9636723079272684e-06 6.049857909473655e-06 0.9999999999738443 1.955277730303351e-05 -0.9999999999716167 6.407459538837479e-06 -3.963711072030307e-06 1.8558817828306928e-05 -6.407483518600099e-06 -0.999999999961172 6.049832512178277e-06 -9.88955252978485e-06
-3.829541139310777e-06 6.95881415790911e-06 0.9999999999684548 2.5548579287715256e-05 -0.9999999999501284 9.223744772191012e-06 -3.829605325467167e-06 2.455378489685245e-05 -9.223771421484894e-06 -0.9999999999332487 6.958778834720292e-06 -1.3385735655901954e-05
-3.625356676817404e-05 2.1025238531535706e-05 0.9999999991218089 0.00010198094241786748 -0.999999999287029 1.0564295241488608e-05 -3.625378889127173e-05 8.280650217784569e-05 -1.056505747648595e-05 -0.9999999997231673 2.1024855523466002e-05 -2.4662644136697054e-05
-5.2928340911750915e-05 3.7074559624483694e-05 0.9999999979120338 0.0001610898325452581 -0.9999999983508052 2.2291084230130487e-05 -5.292916736715503e-05 0.00016577278438489884 -2.2293046509080927e-05 -0.999999999064292 3.707337973324343e-05 -6.521148316096514e-05
1.1622917756026752e-06 3.1888330384588492e-06 0.9999999999942402 4.299484135117382e-05 -0.9999999999921618 3.7848810610086048e-06 1.162279706201641e-06 -2.115776078426279e-05 -3.7848773546400594e-06 -0.9999999999877529 3.188837437551051e-06 6.807731551816687e-06
-7.118182170107179e-05 4.927898282081067e-05 0.999999996252365 0.00019277981482446194 -0.9999999970317137 2.9487520378568277e-05 -7.118327487165566e-05 0.0002085033047478646 -2.949102810745341e-05 -0.9999999983510339 4.927688369915639e-05 -8.340415661223233e-05
-3.7252521726260923e-06 4.857770655841698e-06 0.9999999999812622 1.612668165762443e-05 -0.9999999999584931 8.314798877862017e-06 -3.725292563983018e-06 1.582957702339627e-05 -8.314816974164252e-06 -0.9999999999536331 4.8577396810634e-06 -9.79228389041964e-06
1.1324885795804818e-06 4.44052798154182e-06 0.9999999999894993 4.7069515858311206e-05 -0.9999999999971825 2.086157154801427e-06 1.1324793156575197e-06 -1.952933962456882e-05 -2.08615212571317e-06 -0.9999999999879645 4.440530344318461e-06 7.174388883868232e-06
1.1846197995546426e-05 -7.525114203266181e-06 0.9999999999015202 1.8176797311753035e-05 -0.9999999997187137 2.054840027243543e-05 1.1846352622524314e-05 -5.931133637204766e-05 -2.0548489415683768e-05 -0.9999999997605681 -7.5248707808173165e-06 2.1968133296468295e-05
-2.886234553534095e-05 2.4601959540682117e-05 0.9999999992808543 7.707862823735923e-05 -0.999999998483992 4.689258076040481e-05 -2.886349916186859e-05 9.173335274681449e-05 -4.689329082518956e-05 -0.9999999985979147 2.4600606073565956e-05 -5.687309749191627e-05
-4.053080104648998e-06 5.841242334048147e-06 0.9999999999747262 1.9532897567842156e-05 -0.9999999999725733 6.198844246796398e-06 -4.053116313573746e-06 1.85144817805849e-05 -6.198867921858309e-06 -0.9999999999637271 5.841217209479055e-06 -9.790046533453278e-06
-2.980209167335879e-06 5.245195793979196e-06 0.999999999981803 1.850936678238213e-05 -0.9999999999852989 4.529928176899567e-06 -2.980232927995985e-06 1.619650902284775e-05 -4.529943808506687e-06 -0.9999999999759837 5.245182294055795e-06 -7.936920155771077e-06
-5.6534039238553824e-05 3.5972112581383886e-05 0.9999999977549547 0.00013280156417749822 -0.9999999978458534 3.334756573103448e-05 -5.6535238826094236e-05 0.0002000002277782187 -3.334959934808701e-05 -0.9999999987969735 3.5970227231341134e-05 -6.090765236876905e-05
-4.206444695353806e-05 3.261900280820962e-05 0.9999999985832912 0.0001647957687964663 -0.9999999980586745 4.5968542338181706e-05 -4.206594637973238e-05 0.00014243240002542734 -4.5969914422128166e-05 -0.9999999984114467 3.26170691037353e-05 -7.170790922828019e-05
8.940695123138553e-08 8.940694323777976e-08 0.999999999999992 -1.302710828099407e-08 -0.999999999999992 8.940695123138553e-08 8.940694323777976e-08 -5.56993118294713e-10 -8.940694323777976e-08 -0.999999999999992 8.940695123138553e-08 -1.5564971533876815e-09
-1.1918860565174327e-07 5.960425440654227e-06 0.9999999999822294 5.315012822393328e-05 -0.9999999999777104 6.6756756926800165e-06 -1.1922839565636778e-07 -1.0309975550626405e-05 -6.67567640311173e-06 -0.9999999999599543 5.960424644957385e-06 1.2403033906593919e-06
8.940695123138553e-08 8.940694323777976e-08 0.999999999999992 -5.705330252681051e-08 -0.999999999999992 8.940695123138553e-08 8.940694323777976e-08 -1.1724353043973679e-08 -8.940694323777976e-08 -0.999999999999992 8.940695123138553e-08 7.058673645587987e-09
-1.3112780776203259e-06 4.351119387346891e-06 0.9999999999896741 4.509878272074275e-05 -0.9999999999698089 7.65915051686994e-06 -1.3113114034069007e-06 -1.6516598407179117e-05 -7.659156222472596e-06 -0.9999999999612026 4.351109343825321e-06 2.605691406643018e-06
8.940695123138553e-08 8.940694323777976e-08 0.999999999999992 -3.14266905832028e-08 -0.999999999999992 8.940695123138553e-08 8.940694323777976e-08 -2.0627830110697687e-08 -8.940694323777976e-08 -0.999999999999992 8.940695123138553e-08 -3.013482796632161e-10
-3.208174874258507e-05 2.1621807341831722e-05 0.9999999992516295 6.900573498569429e-05 -0.999999999230555 2.257476654043966e-05 -3.20822368489182e-05 9.199706255458295e-05 -2.2575460199625308e-05 -0.9999999995114388 2.162108308700894e-05 -3.9066530007403344e-05
-3.9636723079272684e-06 6.049857909473655e-06 0.9999999999738443 1.9550632714526728e-05 -0.9999999999716167 6.407459538837479e-06 -3.963711072030307e-06 1.8585784346214496e-05 -6.407483518600099e-06 -0.999999999961172 6.049832512178277e-06 -9.834891898208298e-06
-4.067981798083764e-06 5.766736961787533e-06 0.9999999999750981 1.9355224139872007e-05 -0.9999999999729718 6.124339101298837e-06 -4.068017115610445e-06 1.8383554561296478e-05 -6.124362560255836e-06 -0.9999999999646185 5.766712047994282e-06 -9.806133675738238e-06
8.940695123138553e-08 8.940694323777976e-08 0.999999999999992 -8.074293589288573e-08 -0.999999999999992 8.940695123138553e-08 8.940694323777976e-08 -4.2997179150461307e-08 -8.940694323777976e-08 -0.999999999999992 8.940695123138553e-08 1.1230497420910979e-08
-1.4886150435100554e-05 1.342595780878808e-05 0.999999999799073 9.895121911540627e-05 -0.9999999998557383 8.1806075152846e-06 -1.4886260268576201e-05 6.302662950474769e-05 -8.180807375801624e-06 -0.9999999998764105 1.3425836029146154e-05 -2.772289008134976e-05
-3.9189454505983434e-06 7.227033460788235e-06 0.9999999999662059 2.53686448559165e-05 -0.9999999999483964 9.372753868919226e-06 -3.919013187803078e-06 2.4640838091727346e-05 -9.372782191319207e-06 -0.9999999999299607 7.226996729170487e-06 -1.3533179298974574e-05
-5.7814365601371875e-05 2.1844605879783874e-05 0.9999999980901562 0.0001655489904806018 -0.9999999982841208 9.446371944998866e-06 -5.7814571964909245e-05 0.00016781187150627375 -9.447634863490872e-06 -0.9999999997167897 2.1844059706288554e-05 -2.7365065761841834e-05
-3.8146558622997873e-06 5.125990383936241e-06 0.9999999999795861 1.6627283912384883e-05 -0.9999999999548594 8.702224789769453e-06 -3.814700470061716e-06 1.6447696907562204e-05 -8.702244343572474e-06 -0.9999999999489976 5.125957187934738e-06 -1.0056199243990704e-05
8.940695123138553e-08 8.940694323777976e-08 0.999999999999992 1.4567334005732846e-09 -0.999999999999992 8.940695123138553e-08 8.940694323777976e-08 2.4170413226443088e-08 -8.940694323777976e-08 -0.999999999999992 8.940695123138553e-08 2.4357813543929296e-09
-8.121090832258204e-06 3.710383616462032e-06 0.9999999999601404 7.862393977120519e-05 -0.9999999999631416 2.7864894336371293e-06 -8.121101171210121e-06 3.1693554774392396e-05 -2.7865195658671738e-06 -0.9999999999892343 3.7103609868971432e-06 5.22645132150501e-06
-1.981821577845544e-06 -6.422371257142068e-06 0.9999999999774127 4.3340092815924436e-05 -0.9999999999750521 -6.779984042304399e-06 -1.9818651214587035e-06 -2.11472488444997e-05 6.779996770456265e-06 -0.9999999999563925 -6.422357820223823e-06 3.4643770050024614e-05
-3.933847275039426e-06 7.152528340215181e-06 0.9999999999666831 2.5245066353818402e-05 -0.9999999999490334 9.29824899753573e-06 -3.9339137808958036e-06 2.4535624106647447e-05 -9.298277134694999e-06 -0.9999999999311919 7.152491761863722e-06 -1.3494511222233996e-05
-3.2081768516434295e-05 2.2813870099558375e-05 0.9999999992251435 7.149821612983942e-05 -0.9999999992717936 2.0667418498487855e-05 -3.2082240021935604e-05 9.403561125509441e-05 -2.0668150402358698e-05 -0.9999999995261923 2.281320703578782e-05 -3.9320337236858904e-05
-4.649093078901156e-06 5.960450465247735e-06 0.9999999999714294 4.172485205344856e-05 -0.9999999999152689 1.2159247433307652e-05 -4.649165553316514e-06 -1.3046830645180307e-05 -1.2159275143974746e-05 -0.9999999999083128 5.960393935411368e-06 -2.248754753964022e-06
8.940695123138553e-08 8.940694323777976e-08 0.999999999999992 -1.9670126860660275e-08 -0.999999999999992 8.940695123138553e-08 8.940694323777976e-08 -4.871625769453658e-09 -8.940694323777976e-08 -0.999999999999992 8.940695123138553e-08 8.048690602890929e-10
-3.1128122168433414e-05 2.1144949128137913e-05 0.9999999992919657 6.798587855882943e-05 -0.9999999992969786 2.0905877460841715e-05 -3.112856422210486e-05 8.994791278382763e-05 -2.0906535658005154e-05 -0.9999999995579179 2.1144298352426816e-05 -3.746294532902539e-05
8.940695123138553e-08 8.940694323777976e-08 0.999999999999992 -1.3434329204642381e-08 -0.999999999999992 8.940695123138553e-08 8.940694323777976e-08 -1.4201173570427272e-10 -8.940694323777976e-08 -0.999999999999992 8.940695123138553e-08 2.234328277950226e-10
8.940695123138553e-08 8.940694323777976e-08 0.999999999999992 1.1281116485406528e-08 -0.999999999999992 8.940695123138553e-08 8.940694323777976e-08 1.2214707467705921e-08 -8.940694323777976e-08 -0.999999999999992 8.940695123138553e-08 2.9595845774110785e-09
-1.5884534584009735e-05 1.2010376528703848e-05 0.999999999801716 8.893970516510308e-05 -0.9999999998286491 9.506817826854252e-06 -1.5884648765063236e-05 5.527913526748307e-05 -9.507008605358358e-06 -0.9999999998826856 1.2010225515446393e-05 -2.6515001081861556e-05
8.940695123138553e-08 8.940694323777976e-08 0.999999999999992 -1.3559666278695204e-08 -0.999999999999992 8.940695123138553e-08 8.940694323777976e-08 1.3611018978565426e-09 -8.940694323777976e-08 -0.999999999999992 8.940695123138553e-08 -8.320935052097411e-10
-4.067981798083764e-06 5.766736961787533e-06 0.9999999999750981 1.9333780073793605e-05 -0.9999999999729718 6.124339101298837e-06 -4.068017115610445e-06 1.835777766245883e-05 -6.124362560255836e-06 -0.9999999999646185 5.766712047994282e-06 -9.803621651371941e-06
-5.660856794853508e-05 3.5599583296408444e-05 0.9999999977640701 0.00013184663839638233 -0.9999999978539917 3.297505446264726e-05 -5.660974185162093e-05 0.0001991380995605141 -3.2977069672313064e-05 -0.9999999988226579 3.559771654926269e-05 -6.05259119765833e-05
-4.556663737831368e-05 3.7044575738776064e-05 0.9999999982756906 0.00012516145943664014 -0.9999999984637882 3.155944902843988e-05 -4.556780649322967e-05 0.00016777956625446677 -3.156113701413554e-05 -0.9999999988158503 3.704313762398215e-05 -6.227025005500764e-05
-2.846098657971474e-06 5.438910903932115e-06 0.9999999999811591 1.8686949260882102e-05 -0.9999999999847935 4.7236432892949765e-06 -2.846124349253909e-06 1.6328149285982363e-05 -4.723658769245631e-06 -0.9999999999740528 5.438897459741909e-06 -7.923576049506664e-06
-3.6060449472019585e-06 4.738561579398226e-06 0.9999999999822712 1.636075285205152e-05 -0.9999999999608842 8.076382913668745e-06 -3.606083217644329e-06 1.576896829647012e-05 -8.076400001111317e-06 -0.9999999999561591 4.738532455528244e-06 -9.50777939578984e-06
-5.7696104376225854e-05 4.0293391274370816e-05 0.9999999975238009 0.00016655641957186162 -0.9999999977379832 3.456923482536567e-05 -5.7697497300446265e-05 0.0002257554733660072 -3.457155956743119e-05 -0.9999999985907052 4.029139667316439e-05 -6.896763807162642e-05
-3.312503707886272e-05 2.355891778793584e-05 0.9999999991738546 6.72933820169419e-05 -0.9999999993496811 1.4259988232234733e-05 -3.312537303462593e-05 9.352545021101832e-05 -1.4260768618434838e-05 -0.9999999996208151 2.3558445410021278e-05 -3.486918285489082e-05
-2.3975899018369162e-05 1.8522202466175752e-05 0.9999999995410422 8.18392145447433e-05 -0.9999999996952547 5.8857329873207576e-06 -2.3976008038772978e-05 8.874510240275413e-05 -5.886177073144427e-06 -0.9999999998111433 1.8522061344783403e-05 -2.438925002934411e-05
-1.2650995090845996e-05 2.6672970855901035e-06 0.9999999999164191 4.60058290627785e-05 -0.999999999919174 1.2665729115513003e-06 -1.2650998469143637e-05 7.054417437757365e-06 -1.2666066556143996e-06 -0.9999999999956407 2.6672810619077225e-06 5.507165042217821e-06
-6.198845267313402e-06 9.924149058981868e-06 0.9999999999315428 2.451730688335374e-05 -0.9999999999754137 3.2782133214670495e-06 -6.198877801066871e-06 2.8440097594284452e-05 -3.2782748397575112e-06 -0.9999999999453824 9.924128737626159e-06 -1.1934887879760936e-05
8.940695123138553e-08 8.940694323777976e-08 0.999999999999992 -1.4757611133120463e-08 -0.999999999999992 8.940695123138553e-08 8.940694323777976e-08 -2.3635600143734337e-09 -8.940694323777976e-08 -0.999999999999992 8.940695123138553e-08 -3.5347547111541644e-10
-2.980209167335879e-06 5.245195793979196e-06 0.999999999981803 1.8516562704462558e-05 -0.9999999999852989 4.529928176899567e-06 -2.980232927995985e-06 1.6211075489991345e-05 -4.529943808506687e-06 -0.9999999999759837 5.245182294055795e-06 -7.934744644444436e-06
-2.3588198364454804e-05 1.9982525805706253e-05 0.9999999995221478 9.321317338617519e-05 -0.999999999566947 1.7597913357536576e-05 -2.358855001627358e-05 9.864743333309889e-05 -1.759838470793973e-05 -0.9999999996455061 1.9982110693872457e-05 -3.39817488566041e-05
-4.053080104648998e-06 5.841242334048147e-06 0.9999999999747262 1.950175646925345e-05 -0.9999999999725733 6.198844246796398e-06 -4.053116313573746e-06 1.8532644389779307e-05 -6.198867921858309e-06 -0.9999999999637271 5.841217209479055e-06 -9.809431503526866e-06
-3.193270366419476e-05 2.4274168529514473e-05 0.9999999991955335 4.02366385969799e-05 -0.9999999992557549 2.165084912963966e-05 -3.193322922245834e-05 7.198657840490341e-05 -2.1651624264762415e-05 -0.9999999994710027 2.4273477141290023e-05 -3.696425847010687e-05
-1.612297337749702e-05 1.2964041181839914e-05 0.9999999997859915 9.385317389387637e-05 -0.9999999998429305 7.361052995480399e-06 -1.6123068807549767e-05 5.943732685409486e-05 -7.3612620138385765e-06 -0.999999999888874 1.2963922498054892e-05 -2.6377289032097906e-05
8.940695123138553e-08 8.940694323777976e-08 0.999999999999992 -1.9971619025227483e-08 -0.999999999999992 8.940695123138553e-08 8.940694323777976e-08 -5.088648613593705e-09 -8.940694323777976e-08 -0.999999999999992 8.940695123138553e-08 1.0652900783725272e-09
8.940695123138553e-08 8.940694323777976e-08 0.999999999999992 -1.1455181692099359e-08 -0.999999999999992 8.940695123138553e-08 8.940694323777976e-08 1.339618194151626e-09 -8.940694323777976e-08 -0.999999999999992 8.940695123138553e-08 -1.126182702648748e-09
8.940695123138553e-08 8.940694323777976e-08 0.999999999999992 -1.3428337553023084e-08 -0.999999999999992 8.940695123138553e-08 8.940694323777976e-08 -2.5250157520417815e-10 -8.940694323777976e-08 -0.999999999999992 8.940695123138553e-08 -2.9032776183157694e-11
8.940695123138553e-08 8.940694323777976e-08 0.999999999999992 -1.500789181818618e-08 -0.999999999999992 8.940695123138553e-08 8.940694323777976e-08 -2.0798758271212137e-09 -8.940694323777976e-08 -0.999999999999992 8.940695123138553e-08 1.0635012870352512e-09
-6.055669453386425e-05 4.2796886529972156e-05 0.9999999972506565 0.00018870329950004816 -0.9999999972910143 4.184066097390193e-05 -6.055848518654594e-05 0.00024785855202935636 -4.18432525733925e-05 -0.9999999982088927 4.2794352682062886e-05 -7.726630428805947e-05
-3.482317216629838e-05 2.9727964292181053e-05 0.9999999989517976 8.969520422397181e-05 -0.9999999989796928 2.8773282696792357e-05 -3.482402753807179e-05 0.0001115663253585808 -2.8774317914315173e-05 -0.9999999991441735 2.9726962284537528e-05 -5.1074603106826544e-05
8.940695123138553e-08 8.940694323777976e-08 0.999999999999992 -7.705317273121182e-08 -0.999999999999992 8.940695123138553e-08 8.940694323777976e-08 -4.064300895834094e-08 -8.940694323777976e-08 -0.999999999999992 8.940695123138553e-08 1.1114117626220832e-08
3.5464694094766713e-06 1.1921000803161164e-07 0.999999999993704 3.8620994018856436e-05 -0.9999999999935671 -5.364405443186726e-07 3.546469473203473e-06 -2.4704628231120296e-05 5.36440967313645e-07 -0.9999999999998488 1.1920810571997009e-07 1.1205060218344443e-05
-1.7151048684271863e-05 1.7836681049432368e-05 0.9999999996938471 0.00011142715811729431 -0.9999999997983631 1.0445503366818265e-05 -1.715123499917981e-05 7.124862167984247e-05 -1.0445809284720387e-05 -0.999999999786372 1.7836501894574752e-05 -2.9798640753142536e-05
-4.053080104648998e-06 5.841242334048147e-06 0.9999999999747262 1.9510787751642056e-05 -0.9999999999725733 6.198844246796398e-06 -4.053116313573746e-06 1.8538885342422873e-05 -6.198867921858309e-06 -0.9999999999637271 5.841217209479055e-06 -9.806113666854799e-06
-3.6060449472019585e-06 4.738561579398226e-06 0.9999999999822712 1.6345038602594286e-05 -0.9999999999608842 8.076382913668745e-06 -3.606083217644329e-06 1.5749486919958144e-05 -8.076400001111317e-06 -0.9999999999561591 4.738532455528244e-06 -9.504094123258255e-06
-3.172415311336607e-05 2.2575446298522817e-05 0.9999999992419637 7.256097887875512e-05 -0.9999999992905304 2.0309803094198386e-05 -3.172461161771167e-05 9.433890227228403e-05 -2.0310519276200978e-05 -0.9999999995389306 2.257480197109807e-05 -3.889341314788908e-05
-2.980209167335879e-06 5.245195793979196e-06 0.999999999981803 1.8581367839942686e-05 -0.9999999999852989 4.529928176899567e-06 -2.980232927995985e-06 1.6240781405940652e-05 -4.529943808506687e-06 -0.9999999999759837 5.245182294055795e-06 -7.9520141298417e-06
-2.27836562386452e-05 1.661488318510651e-05 0.9999999996024251 8.286145748570561e-05 -0.9999999996391955 1.4230356578104342e-05 -2.278389267540426e-05 8.726833766559139e-05 -1.4230735124021177e-05 -0.9999999997607212 1.6614558959737735e-05 -2.8226619178894907e-05
4.14119012198122e-05 6.189230200065454e-05 0.9999999972271987 -9.37626464292407e-05 -0.9999999329077025 0.00036396635909646813 4.1389371840450107e-05 -0.0003031759988516569 -0.00036396379640385446 -0.9999999318489139 6.190737038691552e-05 0.0033234802540391684
-0.00016139259490477453 0.0015298275411782525 0.9999988167893623 0.0029304814524948597 -0.9999996400803096 -0.0008331875223749341 -0.00016011809305110924 -0.0008973684161901474 0.0008329415834700815 -0.9999984827119723 0.0015299614608594858 0.018365778028964996
-0.0008179000902890365 0.003770150892485946 0.999992558473157 0.00034165196120738983 -0.9999918913030588 -0.003946198719054328 -0.0008030216692697656 -5.318596959114075e-05 0.003943141840447473 -0.9999851066280525 0.0037733479177635143 0.04075658321380615
-0.0005277986719763872 0.012297321832611674 0.9999242457828029 0.0024654632434248924 -0.9999722193206491 -0.007441116813075799 -0.00043631125354354205 -0.005289390683174133 0.007435187657192421 -0.9998966974924557 0.012300907616228873 0.044590920209884644
-0.0038110147872784106 0.010991482699043209 0.999932329447532 0.0019866004586219788 -0.9999386205618492 -0.010444759950259397 -0.0036962275968066005 0.005737714469432831 0.010403426125901172 -0.9998850405409903 0.011030613182630766 0.10310238599777222
-0.005149978972391778 0.014848309284756833 0.9998764950872523 0.0018639042973518372 -0.999888152340046 -0.01411648635528362 -0.004940407168433858 0.0068952590227127075 0.01404138620623846 -0.9997901042340664 0.014919348144002809 0.14632844924926758
-0.006365891995028461 0.01788309793787729 0.9998198188810081 -0.0008026212453842163 -0.9998229738387061 -0.017817183140149684 -0.006047228230882551 0.005854427814483643 0.0177058296454487 -0.9996813206182731 0.017993354425223262 0.1888008713722229
-0.012685020468236385 0.018525369585682683 0.9997479186962254 0.002976715564727783 -0.9997246937476718 -0.01997213864767644 -0.012314641243745983 0.03173099458217621 0.019738970764571317 -0.999628893319692 0.018773616423149175 0.25226014852523804
-0.014560458838165147 0.022334911394144008 0.999644509198864 0.0038007348775863647 -0.9996155660501449 -0.023916533805042106 -0.014025673638029756 0.03441464900970459 0.023594769519330927 -0.9994644321554258 0.022674560801957067 0.30053067207336426
-0.01605364151083588 0.025044871076458475 0.9995574195747863 -0.0007846951484680176 -0.999516023292582 -0.027042864324363647 -0.015375391719138154 0.03494182229042053 0.026645820978615953 -0.9993204880927329 0.02546688639150646 0.3542304039001465
-0.016748166026016476 0.026267664115010414 0.9995146365895325 -0.006477296352386475 -0.9994507987036982 -0.029027661484206213 -0.015984237213500896 0.03394186496734619 0.02859370394517169 -0.9992334085140964 0.026739397973712442 0.4083985388278961
-0.013767238562821915 0.02261030201915859 0.9996495572874309 -0.020968690514564514 -0.9995488182564161 -0.02700190450593154 -0.013155115934663564 0.014346897602081299 0.02669500074089215 -0.9993796432765952 0.022971842324654435 0.4683195650577545
-0.016285077850396013 0.019517857691048524 0.9996768725295981 -0.02278512716293335 -0.9996121478422174 -0.022907432104261494 -0.015836774944961107 0.021788954734802246 0.02259093016401148 -0.9995470488103801 0.019883336962998432 0.5066123604774475
-0.01820994388069308 0.014211054157314496 0.9997331863470372 -0.027119606733322144 -0.9996901742354168 -0.017229080022077015 -0.017964251689248756 0.026372849941253662 0.016969192114647647 -0.999750571263318 0.014520391786912668 0.5411323308944702
-0.01982953280716282 0.007492670225265008 0.9997752995156188 -0.03361344337463379 -0.9997439013144479 -0.011055544371681214 -0.019746055890061176 0.03043687343597412 0.010905109500472021 -0.9999108134386493 0.0077099776420883614 0.5719363689422607
-0.020515888736256538 0.001294731443582553 0.9997886886636846 -0.03829488158226013 -0.9997798653176151 -0.004422852395621013 -0.020509980062833777 0.027501165866851807 0.00439536288067649 -0.9999893809672057 0.0013851851759330014 0.5899510383605957
-0.022872024613114328 -0.005360534377691073 0.9997240295007832 -0.04295223951339722 -0.9997350986871287 0.002692892646799394 -0.02285783852926765 0.034082651138305664 -0.002569619258635525 -0.9999820063383034 -0.005420706271994868 0.611369252204895
-0.024777358666138616 -0.012332082942658362 0.999616927741735 -0.047204017639160156 -0.999652867357407 0.009264675282641854 -0.024663952968287217 0.039526283740997314 -0.00895696832886067 -0.9998810356848471 -0.012557356256521213 0.6309724450111389
-0.027009217368453298 -0.01816750809230433 0.999470081506625 -0.05375519394874573 -0.9995223680211875 0.015511736016392663 -0.02672867133015322 0.044465839862823486 -0.015017922707926012 -0.9997146231277573 -0.018577790559292873 0.6475647687911987
-0.029105916867709636 -0.02290623927582719 0.9993138394946448 -0.05920177698135376 -0.9993856377252837 0.020194165499073546 -0.028645118052196217 0.049203336238861084 -0.019524157132081832 -0.9995336411957503 -0.023479936248789524 0.662591814994812
-0.03155748895713395 -0.02614855945953387 0.9991598359266208 -0.06320449709892273 -0.9992363048383501 0.023870927491400074 -0.030935188922976586 0.054193854331970215 -0.02304196136877945 -0.9993730192770325 -0.026881896461897203 0.6751362085342407
-0.03353373132452642 -0.029025344978547196 0.9990160250027678 -0.06736713647842407 -0.9991293250236162 0.02579804145362341 -0.03278799986290948 0.05738687515258789 -0.024820973818677816 -0.9992457107268629 -0.029865177927798192 0.6891021728515625
-0.035389043412634436 -0.0293173487686898 0.9989434962336528 -0.07057115435600281 -0.9990367338482773 0.026989385980708935 -0.03460025240010117 0.060108840465545654 -0.025946483925670505 -0.9992057176105225 -0.03024423691111444 0.7019171714782715
-0.03765279564551288 -0.02887191622025448 0.9988737054472139 -0.07504254579544067 -0.998980000192295 0.026019225238514243 -0.03690473050693466 0.06203800439834595 -0.024924409639533074 -0.9992444207358667 -0.029822163442022154 0.718498706817627
-0.03999717900851074 -0.02702659130392504 0.9988342149895805 -0.07491481304168701 -0.9989394530277679 0.023899266037015643 -0.039354723572599615 0.06620651483535767 -0.022807780601033945 -0.9993489823106753 -0.027953831556202235 0.7316163182258606
-0.04145714028939168 -0.025120417223851055 0.9988244441129408 -0.07761475443840027 -0.9989409341890259 0.021010810917671596 -0.04093355379316699 0.06491178274154663 -0.019957843585466095 -0.9994636113751623 -0.025964861184619603 0.7498133182525635
-0.043672255300583274 -0.021873318476481995 0.9988064337276702 -0.07839971780776978 -0.998908410474682 0.017542617547538497 -0.04329254037966246 0.06667870283126831 -0.016574727747524887 -0.9996068299628644 -0.022615567463325603 0.7670094966888428
-0.04545375329277512 -0.01886753079621928 0.9987882521301767 -0.07895603775978088 -0.9988806849566986 0.013959062627552865 -0.04519426723597958 0.06638205051422119 -0.013089443534261891 -0.9997245424876866 -0.019480903874040445 0.7845138311386108
-0.04763355641919986 -0.01570987981623867 0.9987413298642536 -0.0797184407711029 -0.998821419432478 0.010076101120321646 -0.04747888234891717 0.06583338975906372 -0.009317531097245757 -0.9998258207619826 -0.016171324988369262 0.8033362627029419
-0.050384105390069656 -0.005366429491035385 0.9987154967049223 -0.08022823929786682 -0.9987269957746201 0.0026882665660494798 -0.050370240558007096 0.06573957204818726 -0.002414505134386069 -0.9999819871664626 -0.005495043909598318 0.8302805423736572
-0.05400892692333892 0.0009479476485380611 0.9985400028080224 -0.07981836795806885 -0.998533764225596 -0.0037114059156876378 -0.05400506612893696 0.06366074085235596 0.0036547932980263154 -0.9999926634037796 0.0011470067846666154 0.8856768608093262
-0.05888134778585552 0.0009553760625168328 0.9982645311436747 -0.08225208520889282 -0.9982585591301776 -0.003645313747616341 -0.05887750683430504 0.06096506118774414 0.0035827372584854578 -0.9999928994469216 0.0011683533181572336 0.9826020002365112
-0.061454754228630004 -0.0015122264979461342 0.9981087247157583 -0.08210760354995728 -0.998107924286209 -0.0018815748580738312 -0.06145755570414868 0.06412208080291748 0.0019709540262842218 -0.9999970864192916 -0.0013937335304498033 1.024472713470459
-0.06381507723311097 -0.0032823701069096822 0.9979563427145566 -0.08339697122573853 -0.9979606611240505 0.0016807947512261778 -0.06380982508871574 0.06572926044464111 -0.0014679123203892863 -0.9999932004646259 -0.003382936288808147 1.0792405605316162
-0.06492432571085616 -0.00458857388849937 0.9978796404981216 -0.08603405952453613 -0.997887029679567 0.0028153814231216545 -0.0649118604319221 0.06444811820983887 -0.002511558934537861 -0.9999855092035645 -0.004761665108574897 1.1190108060836792
-0.06713344474601624 -0.005151803502285002 0.9977307049084978 -0.08319711685180664 -0.997739941598947 0.0032007643225900884 -0.06711753903326095 0.07084071636199951 -0.0028477244711677674 -0.9999816068450587 -0.0053550384602949475 1.1505084037780762
-0.06648834717901364 -0.004586113314012541 0.9977766620111306 -0.08601796627044678 -0.997781565320341 0.003666743333632372 -0.06647182034678345 0.066153883934021 -0.003353743623584038 -0.9999827611304087 -0.00481973502497457 1.1622272729873657
-0.0668369525015241 -0.004042227840019785 0.9977557226968925 -0.08662974834442139 -0.9977589390148012 0.0034276323016291244 -0.06682328151821881 0.06639254093170166 -0.0031498248153367103 -0.9999859557668269 -0.004262261458250927 1.1844700574874878
-0.06722346272758017 -0.003979122480900987 0.9977300098940572 -0.08592575788497925 -0.9977349323501525 0.002725333772065297 -0.06721292527533135 0.06728494167327881 -0.0024516988293971087 -0.9999883695024221 -0.004153315872541308 1.1951671838760376
-0.06721972116360497 -0.003902381326969351 0.9977305650859186 -0.08584785461425781 -0.9977361703016707 0.0022783142951174895 -0.06721118772740453 0.06682276725769043 -0.0020108601251602742 -0.999989790299857 -0.004046694651868243 1.2060154676437378
-0.06748510371418504 -0.0031904833727129933 0.9977151805964136 -0.08601987361907959 -0.997719009957132 0.0018125272158869832 -0.06747956664985327 0.06793701648712158 -0.0015930934831404064 -0.9999932677578085 -0.0033055244990568555 1.211848497390747
-0.06572518840629626 -0.0009862798831505315 0.9978372747401998 -0.08719527721405029 -0.9978329546706772 0.003169121682638165 -0.06572177143798652 0.05997800827026367 -0.003097447682069543 -0.999994491944707 -0.001192433689610195 1.2327722311019897
-0.0649451564193132 -0.0004215442670427172 0.9978887457818644 -0.0894898772239685 -0.9978874025549989 0.001721715803936874 -0.06494434168369345 0.059557318687438965 -0.0016907039092698972 -0.9999984289963268 -0.0005324708158976899 1.2476415634155273
-0.06499915564416547 0.00035201822628899704 0.9978852568550726 -0.08797883987426758 -0.9978835448834218 0.0018627106576980523 -0.06499970122932786 0.06084036827087402 -0.0018816525826398367 -0.9999982031944729 0.00023019857555295342 1.248448371887207
-0.06390286494060493 -0.0001456101650827435 0.9979561125871533 -0.08950042724609375 -0.9979542342945081 0.0019549766916460154 -0.0639024594190043 0.0585329532623291 -0.0019416760917284615 -0.9999980784300615 -0.00027024089228910864 1.2557963132858276
-0.06301083096241944 -0.00024806071741390046 0.998012812366307 -0.08973914384841919 -0.9980097760935309 0.0024948562661291085 -0.06301001915530063 0.05791330337524414 -0.0024742682080531875 -0.9999968570741067 -0.0004047699875043831 1.2601890563964844
-0.06302820274798426 -0.0003205584182261467 0.9980116947714889 -0.08899152278900146 -0.9980092894824493 0.0022391006044185646 -0.063027331652387 0.06176102161407471 -0.002214444647240188 -0.9999974418321198 -0.00046104676608005324 1.2625229358673096
-0.06279571496630121 -0.0006572512048588774 0.9980261851287896 -0.08873093128204346 -0.998023325902802 0.002523981167447009 -0.06279387289358707 0.061372995376586914 -0.0024777279472670832 -0.9999965987641759 -0.0008144472353982524 1.2645273208618164
-0.061916365272257634 -0.0011109540820610775 0.9980807229340223 -0.08882451057434082 -0.9980779022560831 0.002694018082599725 -0.06191319160459824 0.062249183654785156 -0.0026200648025321294 -0.999995754014785 -0.0012756225273787836 1.2682912349700928
-0.06103692948979833 -0.0012915502277606739 0.9981346728455367 -0.08917111158370972 -0.9981315258183856 0.00290389028132243 -0.061032979516777885 0.06359422206878662 -0.0028196464173312896 -0.9999949496468685 -0.0014663815458529905 1.2711865901947021
-0.05987553322576933 -0.001278003724823562 0.9982050326598284 -0.08968788385391235 -0.9982007399369135 0.0032766590544744956 -0.05987108062194085 0.06244707107543945 -0.003194262094442568 -0.9999938150868333 -0.001471895971846493 1.2728265523910522
-0.05838646536242997 -0.0002884586421440516 0.9982940135321328 -0.0905078649520874 -0.9982907073060485 0.002606703450367398 -0.05838551878258491 0.06302523612976074 -0.0025854146420867252 -0.9999965609384535 -0.00044016178260974925 1.2721507549285889
-0.05714976335126032 -0.0007015637084860638 0.9983653701712905 -0.08929622173309326 -0.9983634507984962 0.002123144987615455 -0.05714816151968649 0.06408286094665527 -0.002079581355359128 -0.9999975000287373 -0.0008217527985617812 1.2764036655426025
-0.055893085353477256 -0.0010228064536104142 0.9984362357590132 -0.08943402767181396 -0.9984337872247437 0.0024973662460648915 -0.05589038996006879 0.06293749809265137 -0.0024362959024869513 -0.9999963585077657 -0.0011607900258265857 1.278475284576416
-0.05550535969379877 -0.0008528149478772562 0.9984580250325631 -0.08944368362426758 -0.9984561083463821 0.002184889438592741 -0.05550338695916296 0.06305122375488281 -0.0021341862757150443 -0.99999724947862 -0.0009727713681771943 1.2787752151489258
-0.055191505365405624 -0.0004822005370306859 0.9984756708193456 -0.08815193176269531 -0.9984727919399674 0.0024760958178816628 -0.05519015043562686 0.06389522552490234 -0.002445708712593475 -0.9999968182110093 -0.0006181235721018918 1.2773990631103516
-0.054047722455624725 -0.0005261078026250199 0.9985382150463444 -0.08876103162765503 -0.9985346816153955 0.0027404482491942828 -0.05404608732030669 0.06370317935943604 -0.0027080082349368317 -0.9999961065694073 -0.0006734518735660444 1.2789809703826904
-0.05324771299277453 -0.00023754552028742992 0.9985813059702076 -0.08845043182373047 -0.998578205780065 0.0025158181396514046 -0.053246949209836136 0.06528806686401367 -0.002499600389222978 -0.9999968071105099 -0.00037116934168202054 1.2783540487289429
-0.05199253088400657 -0.00023326906396031744 0.9986474464583683 -0.08888834714889526 -0.9986433633602265 0.0028812561247137936 -0.05199164528766459 0.06365668773651123 -0.002865231029107962 -0.999995821965616 -0.0003827564006502193 1.2791197299957275
-0.05157385256427516 -0.0001701226935076905 0.9986691688391843 -0.08834677934646606 -0.9986651350190676 0.002856134014543321 -0.051573157706681694 0.06423008441925049 -0.002843559217895364 -0.9999959067700027 -0.00031719743725133753 1.2782765626907349
-0.05086524233795553 -0.0007940058303369524 0.998705210097876 -0.0883951187133789 -0.9987021211986961 0.002651544738696554 -0.050862976945160454 0.0654153823852539 -0.0026077260451012885 -0.9999961694252835 -0.0009278467727055206 1.2811084985733032
-0.04972461370828074 -0.01786974167533134 0.9986030918858697 -0.08946174383163452 -0.998759346408429 0.0035815688861704498 -0.049668303032427086 0.0627288818359375 -0.002689006018890161 -0.9998339085552012 -0.018025663645475642 1.278618335723877
-0.049828632562036124 -0.05096924615211251 0.9974563866774744 -0.08639222383499146 -0.9987535252101967 0.005458732814590916 -0.0496144950217593 0.06393575668334961 -0.0029160344996030374 -0.9986853048797427 -0.05117771546340144 1.2720009088516235
-0.050520554145922436 -0.09665492509424273 0.9940349586728905 -0.07636624574661255 -0.9987199670606615 0.00735085879129499 -0.05004390341871362 0.06423687934875488 -0.002470020878455881 -0.9952908069152737 -0.09690257306595751 1.2640342712402344
-0.05020292742323712 -0.11047529687224728 0.9926101323576775 -0.056017279624938965 -0.9987349976777955 0.00838015565854161 -0.04958001013183133 0.06122279167175293 -0.002840861079159873 -0.993843539885493 -0.1107562537114789 1.2611379623413086
-0.050808148307524836 -0.10853753923664022 0.9927930975999055 -0.02428501844406128 -0.9987058284431248 0.0077915499339595296 -0.05025892938929821 0.06082892417907715 -0.0022804164734576693 -0.9940618161493185 -0.10879294726509714 1.2622195482254028
-0.05180335767094385 -0.08213538272020643 0.9952739276397335 0.0394364595413208 -0.99865385833418 0.006878838890528816 -0.05141160189853888 0.055953264236450195 -0.0026236174019823033 -0.9965974415384196 -0.08238116381069582 1.2672598361968994
-0.05337015944918411 -0.0443315476930326 0.9975902665721579 0.12557780742645264 -0.9985717042434696 0.0048559153001928035 -0.053206875222007066 0.05126965045928955 -0.002485470712269622 -0.9990050720420481 -0.04452739010542539 1.276637077331543
-0.05519188264692787 -0.022095211316589314 0.9982312646510141 0.1857929825782776 -0.9984728847820938 0.0036232504439698276 -0.0551250434117172 0.051581621170043945 -0.002398842389813194 -0.999749305422662 -0.022261443396448755 1.2811672687530518
