0.9999999999917121 -3.689674484358935e-06 -1.7210792016868541e-06 2.6251657345710555e-06 3.6896772161171658e-06 0.9999999999919335 1.5872351549886336e-06 -3.01023646898102e-06 1.721073345291919e-06 -1.5872415052021964e-06 0.9999999999972593 -5.422567141977197e-07
0.999999999971413 6.332950871290997e-08 -7.561086981445883e-06 8.87527858139947e-06 -6.323283236539454e-08 0.9999999999182566 1.2786037825452334e-05 -9.305510502599645e-06 7.561087790561309e-06 -1.2786037346977872e-05 0.9999999998896736 2.5305462258984335e-06
0.9999999999842042 1.4158043260611876e-06 -5.439421563574661e-06 7.765733244013973e-06 -1.4157921491223082e-06 0.999999999996492 2.2386491163072294e-06 -5.40154644568247e-07 5.439424733044683e-06 -2.238641415181522e-06 0.9999999999827006 2.1401781395979924e-06
0.9999999999260567 -1.2135865862425053e-05 -7.792697920604322e-07 -3.335114513447479e-07 1.2135864717477313e-05 0.999999999925281 -1.4692451023637293e-06 -3.5778211895376444e-06 7.792876225636874e-07 1.4692356451423137e-06 0.999999999998617 3.6860480889799874e-08
0.9999999999784929 -5.749490916282241e-06 -3.1555349646700915e-06 3.8118016618682304e-06 5.749515260913553e-06 0.9999999999537114 7.714943445322169e-06 -8.972785508376546e-06 3.1554906075267677e-06 -7.71496158795268e-06 0.9999999999652611 1.405322507253004e-07
0.9999999999999956 2.2761447093952628e-08 -9.183941713871619e-08 1.402805196448753e-07 -2.2761441366954058e-08 0.9999999999999978 6.235883025666058e-08 1.2927188208777807e-08 9.183941855809319e-08 -6.235882816626278e-08 0.9999999999999938 -5.755842025223501e-08
0.9999999999954315 -3.0173338902271084e-06 -1.8078429021561804e-07 3.3000841881403176e-07 3.0173344410471435e-06 0.999999999990806 3.0469129344004654e-06 -4.700858880823944e-06 1.8077509666029837e-07 -3.0469134798732112e-06 0.9999999999953418 -9.725870313559426e-07
0.9999999998916923 -6.0743620610176735e-06 1.3405874940007455e-05 -1.6611114915576763e-05 6.074391678126366e-06 0.9999999999791106 -2.2092237777922347e-06 -1.9317760688863927e-06 -1.3405861520102314e-05 2.2093052100881327e-06 0.9999999999077009 -6.030849363014568e-06
0.9999999999619923 3.626765896530926e-06 -7.928558213163121e-06 1.06070974652539e-05 -3.62668217847546e-06 0.999999999937677 1.0559040499677767e-05 -5.809681169921532e-06 7.928596507836974e-06 -1.055901174491567e-05 0.9999999999128223 4.897719009022694e-06
0.9999999999703515 3.328636714902103e-08 -7.70038584015948e-06 8.996535143523943e-06 -3.3189474681785567e-08 0.999999999920836 1.2582806575623598e-05 -9.117480658460408e-06 7.700386258385806e-06 -1.2582806319678776e-05 0.9999999998911886 2.578656676632818e-06
0.9999999999993214 -7.001919574105874e-07 -9.309987317314417e-07 1.5757237861180329e-06 7.001937555912411e-07 0.9999999999978896 1.9314544639414425e-06 -2.8609574656002223e-06 9.309973793405952e-07 -1.93145511581963e-06 0.9999999999977013 -1.7374364347233495e-07
0.9999999999966364 -2.5536758327277857e-06 -4.5387008779988373e-07 -6.38185859713758e-09 2.553673974269818e-06 0.9999999999883563 -4.09464486180517e-06 5.032523858972127e-06 4.538805441902262e-07 4.094643702755166e-06 0.9999999999915139 6.113976382948749e-07
0.9999999999986693 -6.53897266023384e-07 -1.4946157289380519e-06 2.3115867406886537e-06 6.538951789770758e-07 0.9999999999988113 -1.3963765807490878e-06 1.6920304233281058e-06 1.4946166420231035e-06 1.39637560342521e-06 0.9999999999979082 4.66437313662027e-07
0.9999999999875465 7.9234171734088e-07 4.927406260607974e-06 -5.4098095461085904e-06 -7.92358440395383e-07 0.9999999999939269 3.393884847896117e-06 -4.305354195821565e-06 -4.9274035714615e-06 -3.3938887521257904e-06 0.9999999999821011 -6.367390597006306e-07
0.9999999999999981 2.1305733967869112e-08 5.742147803088274e-08 -3.737808285109168e-09 -2.1305737633827483e-08 0.9999999999999978 6.384298184450462e-08 5.2699489216934126e-09 -5.742147667066102e-08 -6.384298306791144e-08 0.9999999999999963 -1.4676174941996578e-08
0.9999999999998249 -3.288434488289722e-07 4.919410569183929e-07 -2.183284308898692e-08 3.28844570659534e-07 0.9999999999973458 -2.280418276369859e-06 4.235681899444899e-06 -4.919403070164764e-07 2.2804184381416053e-06 0.9999999999972788 8.158045261552616e-07
0.999999999958019 -1.3543635741354718e-06 -9.062428634304649e-06 1.0272439794789534e-05 1.3544568009558762e-06 0.9999999999461696 1.0287180204194425e-05 -7.427222953992896e-06 9.062414701234667e-06 -1.0287192478430655e-05 0.9999999999060232 3.511878730932949e-06
0.9999999999561376 -3.716197764105051e-06 -8.59736970086938e-06 8.947403330239467e-06 3.716260696047066e-06 0.9999999999663043 7.319902065462015e-06 -5.418713499238947e-06 8.597342498375995e-06 -7.319934015208054e-06 0.9999999999362522 2.4041848973865854e-06
0.9999999999990343 1.121181378925551e-06 8.211592702753763e-07 -2.831551739745919e-07 -1.1211832652701674e-06 0.999999999996733 2.2971757915483663e-06 -1.792778448361787e-06 -8.211566947219718e-07 -2.2971767122161798e-06 0.9999999999970243 -4.339761403571174e-07
0.9999999999871633 -4.509834945456172e-06 -2.3097243240819685e-06 2.5703650408104295e-06 4.509818643549189e-06 0.9999999999649237 -7.057901463122661e-06 6.448069143516477e-06 2.3097561539716124e-06 7.0578910465942425e-06 0.9999999999724256 1.796579681467847e-06
0.9999999999985633 -6.166978010813592e-07 -1.5789558994262884e-06 2.08548703994893e-06 6.166867222378663e-07 0.9999999999751938 -7.016553841024393e-06 8.494245776091702e-06 1.5789602264804453e-06 7.016552867293174e-06 0.9999999999741375 2.2030676518625114e-06
0.9999999999964654 2.1371853656488656e-06 1.5816968795870995e-06 -1.5045369536892395e-06 -2.13718871194127e-06 0.9999999999954783 2.1156357812390045e-06 -6.672606787105906e-07 -1.5816923580741167e-06 -2.1156391616162433e-06 0.9999999999965111 -1.7979967026349186e-07
0.9999999999964654 2.1371853656488656e-06 1.5816968795870995e-06 -1.5045369536892395e-06 -2.13718871194127e-06 0.9999999999954783 2.1156357812390045e-06 -6.672606787105906e-07 -1.5816923580741167e-06 -2.1156391616162433e-06 0.9999999999965111 -1.7979967026349186e-07
0.999999999889823 1.9920099198971026e-06 1.471006023727017e-05 -1.6300391507684253e-05 -1.9920270736346784e-06 0.999999999997336 1.1661083048219671e-06 -1.7706377093418268e-06 -1.471005791433167e-05 -1.1661376075317365e-06 0.9999999998911272 -5.772822078142781e-06
0.9999999999978231 -1.9307899012975626e-06 7.911531926047201e-07 -8.042958370424458e-07 1.930784085430768e-06 0.999999999971117 7.351060812350719e-06 -8.49828666105168e-06 -7.911673859358495e-07 -7.351059284788723e-06 0.999999999972668 -2.4301039047713857e-06
0.999999999999537 7.80332882125412e-07 5.631569411702778e-07 -1.5858593371831375e-07 -7.80334332808341e-07 0.9999999999963777 2.5759877720745208e-06 -2.1650243979820516e-06 -5.631549310402753e-07 -2.575988211524024e-06 0.9999999999965236 -7.929220942060056e-07
0.9999999999084548 -1.1865659478413084e-05 -6.5035927731017615e-06 7.502861990360543e-06 1.1865436520795824e-05 0.9999999993420058 -3.4281189448360766e-05 2.5828603611444123e-05 6.503999537742944e-06 3.428111227725528e-05 0.9999999993912517 6.570355253643356e-06
0.9999999998869995 2.1159480672653423e-06 1.4883675141782945e-05 -1.6402820619987324e-05 -2.115972161926491e-06 0.999999999996451 1.6188494657773658e-06 -2.2782885480410187e-06 -1.4883671716328727e-05 -1.618880959036702e-06 0.9999999998879278 -5.861906174686737e-06
0.9999999999987075 -6.49689775700393e-07 -1.4707144298874365e-06 2.2774768240196863e-06 6.496876830962095e-07 0.9999999999987766 -1.4228487773777165e-06 1.7179644373754854e-06 1.4707153542959406e-06 1.4228478218708268e-06 0.9999999999979062 4.3915639480474056e-07
0.9999999999963631 -5.145885825117354e-07 -2.64740412125704e-06 3.7365009575296426e-06 5.146036935805958e-07 0.9999999999835776 5.707883929955086e-06 -3.707841869982076e-06 2.647401184001663e-06 -5.707885292298267e-06 0.9999999999802056 1.003807255983702e-06
0.9999999999986231 -6.459518881243172e-07 -1.528595227939985e-06 2.331563337065745e-06 6.459496382436164e-07 0.9999999999987083 -1.471861690119598e-06 1.767396724972059e-06 1.5285961786898484e-06 1.471860702722037e-06 0.9999999999977486 4.800272108695935e-07
0.9999999999986231 -6.459518881243172e-07 -1.528595227939985e-06 2.331563337065745e-06 6.459496382436164e-07 0.9999999999987083 -1.471861690119598e-06 1.767396724972059e-06 1.5285961786898484e-06 1.471860702722037e-06 0.9999999999977486 4.800272108695935e-07
0.9999999999958475 -1.0253894657029736e-06 -2.6932269553475753e-06 3.4720471830951283e-06 1.0253696558716237e-06 0.9999999999724233 -7.35541699948093e-06 8.116152457660064e-06 2.6932344974404122e-06 7.3554142378971915e-06 0.9999999999693222 1.9062234741795692e-06
0.999999999995501 -2.9993408742648342e-06 -4.251495633135379e-08 1.5657303720217897e-07 2.9993410253571195e-06 0.9999999999891854 3.554307504495707e-06 -5.367583526094677e-06 4.250429575111607e-08 -3.554307631996569e-06 0.9999999999936826 -1.0122600997419795e-06
0.9999999999993613 -7.229357677605476e-07 -8.687973270639225e-07 1.5134645536818425e-06 7.22937299735448e-07 0.999999999998184 1.7633292642550397e-06 -2.7011606107407715e-06 8.687960522885492e-07 -1.763329892339907e-06 0.999999999998068 -9.239010978490114e-08
0.9999999999992784 5.964254931262164e-07 1.0428917283102373e-06 -7.067212663969258e-07 -5.964293314716231e-07 0.9999999999930491 3.680486686818781e-06 -3.758214916160796e-06 -1.0428895331669011e-06 -3.680487308827341e-06 0.9999999999926832 -7.879298209445551e-07
0.9999999999952834 -9.838676188068388e-07 -2.9094880849019163e-06 3.6943572467862396e-06 9.838459962962233e-07 0.9999999999719009 -7.431715469910301e-06 8.20749846752733e-06 2.909495396644365e-06 7.431712607387045e-06 0.9999999999681523 1.8269344082000316e-06
0.9999999999878108 -1.2697664743291782e-06 -4.771389766878608e-06 6.135221156000625e-06 1.2697769278510328e-06 0.9999999999967939 2.1908733008296474e-06 -1.051495928550139e-06 4.771386984965843e-06 -2.1908793594035822e-06 0.9999999999862169 2.2132458070700523e-06
0.9999999999951785 -9.610900597721892e-07 -2.9528455175998037e-06 3.857441242871573e-06 9.611081202272215e-07 0.9999999999808337 6.116293152197626e-06 -4.216994966554921e-06 2.9528396392346567e-06 -6.116295990171941e-06 0.9999999999769359 4.992449476048932e-07
0.9999999999466856 2.989191243258068e-06 -9.883997476794537e-06 1.29461268443265e-05 -2.9891079701358114e-06 0.9999999999600419 8.42504891078427e-06 -4.315299065638101e-06 9.884022660482019e-06 -8.425019365999459e-06 0.9999999999156626 5.164098183740862e-06
0.9999999999958236 -8.704243434021297e-07 -2.755967761326146e-06 3.7309421259124065e-06 8.704421936759896e-07 0.9999999999786456 6.476958497942407e-06 -4.6247068894444965e-06 2.7559621235649463e-06 -6.47696089682598e-06 0.9999999999752268 4.784415068570524e-07
0.9999999999999882 4.1304877042513506e-08 -1.4717605237953913e-07 2.0329692063114635e-07 -4.130487491321768e-08 0.999999999999999 1.4467681650229875e-08 6.732530977160422e-08 1.471760529771248e-07 -1.4467675571141272e-08 0.999999999999989 -6.789234419102286e-08
0.9999999999850314 5.462659627365743e-06 3.107987256108805e-07 2.1942103103356203e-06 -5.46266275773234e-06 0.9999999999343481 1.0072896717565437e-05 -5.616833277599653e-06 -3.1074370078424633e-07 -1.0072898415203283e-05 0.9999999999492201 1.0774997463158797e-06
0.9999999999055131 8.95766301395148e-06 1.04275597720508e-05 -9.196992323268205e-06 -8.95771641534929e-06 0.9999999999467666 5.121143339158844e-06 -6.578590614481072e-07 -1.0427513898019427e-05 -5.121236745798306e-06 0.99999999993252 -4.937060111842584e-07
0.9999999999985919 -6.130464367954682e-07 -1.5621175148396085e-06 2.06738104679971e-06 6.130354125056775e-07 0.9999999999749095 -7.0572637254080215e-06 8.532930223736912e-06 1.5621218412307948e-06 7.05726276776473e-06 0.9999999999738773 2.216746224803501e-06
0.9999999999226551 7.773068918465557e-07 1.2413126124049523e-05 -1.3423712516669184e-05 -7.772636390407004e-07 0.9999999999936272 -3.4844454641736835e-06 2.0967581804143265e-06 -1.2413128832453892e-05 3.484435815632596e-06 0.9999999999168865 -4.392901701066876e-06
0.9999999999992434 -4.605695337140596e-07 -1.140717719519938e-06 2.994106353071402e-06 4.605730100194104e-07 0.9999999999952505 3.0474736478567377e-06 -3.3620760859776055e-06 1.1407163159410031e-06 -3.0474741732382253e-06 0.9999999999947059 -1.426218148026237e-07
0.999999999998695 -6.50136790030779e-07 -1.4789214860204818e-06 2.2851734229334397e-06 6.501347022912322e-07 0.9999999999987922 -1.4116635871582197e-06 1.7076980611818726e-06 1.478922403793129e-06 1.4116626256581976e-06 0.99999999999791 4.776414357365866e-07
0.99999999999915 -1.001705362888163e-06 -8.345845045519575e-07 1.9413907921261853e-06 1.0017059192594865e-06 0.9999999999992761 6.666445327932973e-07 -1.920652493936359e-06 8.345838367699496e-07 -6.666453688009689e-07 0.9999999999994296 4.776559876518149e-07
0.9999999999999989 2.353371597944205e-08 4.1468145162211264e-08 1.7298106058660778e-08 -2.3533718405467112e-08 0.9999999999999981 5.850334212686307e-08 6.969493426822737e-09 -4.146814378541015e-08 -5.850334310276266e-08 0.9999999999999974 6.130360663547663e-09
0.9999999999999964 7.2800755877070834e-09 8.4246608498172e-08 -4.26670219155767e-08 -7.280089152844249e-09 0.999999999999987 1.6101701274949047e-07 -1.0006733219825037e-07 -8.424660732595488e-08 -1.6101701336281273e-07 0.9999999999999835 -3.767852874148048e-08
0.9999999999927597 -4.678833262298512e-07 -3.776473044276514e-06 4.884624559053918e-06 4.678946918720005e-07 0.9999999999953617 3.0095914358405933e-06 -1.3542905890062684e-06 3.776471636121346e-06 -3.009593202810494e-06 0.9999999999883403 1.8746217165244161e-06
0.9999999999987216 -6.505443547602491e-07 -1.4607143067104138e-06 2.2670160433335695e-06 6.505422721211936e-07 0.999999999998772 -1.4257675706250547e-06 1.7175548236991744e-06 1.4607152342336642e-06 1.425766620366828e-06 0.9999999999979168 4.575668697270885e-07
0.9999999999992871 -7.563640340199639e-07 -9.239761974049226e-07 1.5093227148099686e-06 7.563653069063194e-07 0.9999999999987651 1.3776185513006457e-06 -2.346163455513306e-06 9.239751554226568e-07 -1.3776192501632037e-06 0.9999999999986242 -8.680436991426177e-08
0.9999999999256783 -8.385273092417343e-06 8.850451740213382e-06 -7.881536475906614e-06 8.38555454498881e-06 0.9999999994591777 -3.180136917809411e-05 2.1801381080877036e-05 -8.85018507226159e-06 3.18014433916764e-05 0.9999999994551712 -3.1616611977369757e-06
0.9999999999500193 -9.967642477746256e-06 -7.793934222235526e-07 -1.1846424285977264e-06 9.96764101173434e-06 0.9999999999485542 -1.880946475370157e-06 -3.597518343667616e-06 7.794121707854423e-07 1.8809387065623063e-06 0.9999999999979273 1.4428648000830435e-06
0.9999999999912841 -3.713226240020346e-06 -1.908845007590543e-06 2.8001579721603775e-06 3.7132300097724235e-06 0.9999999999911559 1.9748866664843792e-06 -3.3856463232950773e-06 1.90883767437267e-06 -1.9748937544477327e-06 0.999999999996228 -7.874558605180937e-07
0.9999999999993124 -7.000875935327035e-07 -9.407244626226359e-07 1.58927423399291e-06 7.000893904905796e-07 0.9999999999979305 1.9101861543583575e-06 -2.837676220224239e-06 9.40723125323061e-07 -1.9101868129482597e-06 0.999999999997733 -1.7405898233846528e-07
0.9999999998820311 -9.747771726192261e-06 1.1870916876344633e-05 -1.270618122362066e-05 9.748203987076188e-06 0.9999999992894993 -3.641392356159435e-05 2.850729288184084e-05 -1.1870561913295804e-05 3.641403927741787e-05 0.9999999992665538 -1.1514982816152042e-06
0.9999999999991325 -1.1085787870253056e-06 -7.114412624589138e-07 1.7736598465489806e-06 1.1085796661046954e-06 0.9999999999986221 1.2356325136469832e-06 -2.5082918000407517e-06 7.114398926619403e-07 -1.2356333023352283e-06 0.9999999999989836 4.016275170215522e-07
0.9999999999763024 -4.175540961592757e-06 -5.47356237105531e-06 6.811344064772129e-06 4.1755730857402e-06 0.9999999999740599 5.868966977807327e-06 -6.711987225571647e-06 5.473537864801308e-06 -5.8689898329279665e-06 0.9999999999677976 2.994822523305629e-07
0.9999999999791443 3.360845578753459e-07 -6.449664241811723e-06 7.66397533880081e-06 -3.3599132679143267e-07 0.9999999998954674 1.4455179726162693e-05 -1.0551839295658283e-05 6.449669099300211e-06 -1.4455177558829977e-05 0.9999999998747248 2.626693230922683e-06
0.999999999995885 -8.924677732297634e-07 -2.7264848877896333e-06 3.661065875348868e-06 8.924849281640998e-07 0.9999999999798074 6.29196543940002e-06 -4.365801032690797e-06 2.726479272358193e-06 -6.2919678727207975e-06 0.9999999999764888 5.33340823949402e-07
0.9999999999987736 -6.702004046763491e-07 -1.4154830626287695e-06 2.223903038611752e-06 6.701983350478979e-07 0.9999999999987065 -1.4621357618374606e-06 1.7552683857502416e-06 1.415484042550918e-06 1.4621348131812756e-06 0.9999999999979293 4.868160772275587e-07
0.999999999997349 1.2234417419092546e-06 1.950675961217355e-06 -2.010627440540702e-06 -1.2234487064617321e-06 0.9999999999928779 3.570330534754853e-06 -2.7465314360597404e-06 -1.950671593112054e-06 -3.57033292129737e-06 0.9999999999917237 -1.023978370540135e-06
0.9999999999909234 -3.800474344105824e-06 -1.9260828542685945e-06 2.794801048366935e-06 3.8004771044772605e-06 0.9999999999917513 1.4331513746292859e-06 -2.892460543080233e-06 1.926077407597676e-06 -1.4331586946500664e-06 0.9999999999971182 -5.661999580297561e-07
0.99999999999817 -1.703698936069105e-06 8.702261455670271e-07 -1.135096567850269e-06 1.7036947697555732e-06 0.9999999999870882 4.787599950793866e-06 -5.592778052232461e-06 -8.702343021847334e-07 -4.787598468185373e-06 0.9999999999881608 -1.6424123714386951e-06
0.9999999999409104 -6.0539900353431995e-06 9.029312665526553e-06 -7.541009381384356e-06 6.054256626636096e-06 0.9999999995457995 -2.9525357549661573e-05 2.0676307030953467e-05 -9.029133915205039e-06 2.952541221369297e-05 0.9999999995233624 -4.316016202210449e-06
0.9999999999990873 1.0878594145382906e-06 8.011536351058422e-07 -3.0053328714529925e-07 -1.0878613233686596e-06 0.9999999999965699 2.3826055629432384e-06 -1.8887867554440163e-06 -8.011510431632012e-07 -2.382606434485118e-06 0.9999999999968406 -5.023001108384051e-07
0.999999999998683 -6.51488066170005e-07 -1.4864369856309297e-06 2.295926378792501e-06 6.514859896468032e-07 0.9999999999988121 -1.3969803670796511e-06 1.6939037550400826e-06 1.4864378957452018e-06 1.3969793986849409e-06 0.9999999999979194 4.1638941183919087e-07
0.9999999999986658 -6.511155873447764e-07 -1.4981325158464496e-06 2.3135232822824037e-06 6.511134784909708e-07 0.9999999999987973 -1.4076551099250468e-06 1.7052685734597617e-06 1.4981334323908312e-06 1.4076541344688951e-06 0.999999999997887 4.4180879399391415e-07
0.9999999999986885 -6.533369574666995e-07 -1.4819706808266825e-06 2.2973963496042415e-06 6.533348762673085e-07 0.9999999999988005 -1.4043459098370793e-06 1.700779534985486e-06 1.4819715983359888e-06 1.404344941612106e-06 0.9999999999979158 4.710272776264901e-07
0.9999999999986993 -6.505027499810871e-07 -1.4759166271289461e-06 2.2830924990557833e-06 6.50500658162899e-07 0.999999999998784 -1.4173010892656484e-06 1.7108770862250822e-06 1.4759175490854075e-06 1.4173001291790675e-06 0.9999999999979065 4.5627680833604245e-07
0.9999999998419139 -1.36226116383338e-05 -1.142788732501177e-05 1.3453737665258814e-05 1.3622411732425051e-05 0.9999999997542175 -1.7492709577688804e-05 1.0109561117133126e-05 1.1428125618592076e-05 1.7492553899537078e-05 0.9999999997817043 6.1893765632703435e-06
0.9999999999835085 -5.727677918703783e-06 4.2037636041896334e-07 -1.1487366009532707e-06 5.727677060446953e-06 0.9999999999815128 2.0416119456865406e-06 -5.042828888690565e-06 -4.2038805410685157e-07 -2.041609537872835e-06 0.9999999999978275 -4.842585212827544e-07
0.9999999999958518 -1.1642875017621381e-06 2.634543681049771e-06 -2.3868678908911534e-06 1.164264498235015e-06 0.9999999999612028 8.731488093040889e-06 -7.927348633529618e-06 -2.6345538469100164e-06 -8.731485025698993e-06 0.9999999999584102 -2.4876662791939452e-06
0.9999999999976991 2.1323165822716097e-06 -2.3476442276688335e-07 1.1803413144662045e-06 -2.1323149882414116e-06 0.9999999999746766 6.789704707550447e-06 -2.7515070541994646e-06 2.3477890056087493e-07 -6.789704206943126e-06 0.9999999999769225 1.3042954378761351e-06
0.9999999999915637 -3.6885648624180603e-06 -1.8074777431580772e-06 2.6922996312350733e-06 3.6885685798142835e-06 0.9999999999910822 2.0566770533810206e-06 -3.463532948444481e-06 1.807470156955246e-06 -2.056683720369282e-06 0.9999999999962516 -8.13612132333219e-07
0.9999999999965025 -2.5847100328461562e-06 -5.607923193185964e-07 1.0530920917517506e-06 2.5847118781952785e-06 0.9999999999912456 3.2906347797748267e-06 -3.9720962377032265e-06 5.607838139769573e-07 -3.2906362292498865e-06 0.9999999999944287 -1.147747752838768e-06
0.9999999999965025 -2.5847100328461562e-06 -5.607923193185964e-07 1.0530920917517506e-06 2.5847118781952785e-06 0.9999999999912456 3.2906347797748267e-06 -3.9720962377032265e-06 5.607838139769573e-07 -3.2906362292498865e-06 0.9999999999944287 -1.147747752838768e-06
0.9999999999965025 -2.5847100328461562e-06 -5.607923193185964e-07 1.0530920917517506e-06 2.5847118781952785e-06 0.9999999999912456 3.2906347797748267e-06 -3.9720962377032265e-06 5.607838139769573e-07 -3.2906362292498865e-06 0.9999999999944287 -1.147747752838768e-06
0.9999999999995902 7.233699884367813e-07 5.442122828410799e-07 -1.6349095233181288e-07 -7.233714191272573e-07 0.9999999999962828 2.62892425196146e-06 -2.241128186142305e-06 -5.442103811541512e-07 -2.6289246456279943e-06 0.9999999999963963 -8.125651334012218e-07
0.9999999999952517 -3.57115657121593e-07 -3.0609120456545288e-06 5.027819042879855e-06 3.571216734907844e-07 0.9999999999980046 1.9655475618071217e-06 -3.18001048071892e-06 3.0609113437206115e-06 -1.965548654915821e-06 0.9999999999933837 -5.078306344330485e-07
0.9999965876437029 -0.0014520916285470774 0.002171665455846744 -0.002860716078430414 0.0014531302958282067 0.9999988305458638 -0.0004767800835010571 -3.6939345591235906e-05 -0.002170970587815685 0.0004799341694238313 0.9999975282718951 -0.00034100509947165847
0.9999849615828652 -0.00010451493821991672 0.005483218465773073 -0.006193287204951048 0.00010306461176266294 0.9999999596333826 0.0002647846654342808 -0.0038544083945453167 -0.0054832459183870395 -0.0002642155577096463 0.9999849319886464 -0.0011908537708222866
0.9999840630514079 0.003961060828753007 0.0040228895471759694 -0.0036537726409733295 -0.003944043984867244 0.9999832791961014 -0.0042291660238571675 -0.005127064883708954 -0.004039574265104139 0.004213232170535333 0.9999829651121233 -0.0013691646745428443
0.9999628520687307 0.006638073438554845 0.005498223676246722 -0.004580133594572544 -0.006525696500396316 0.9997744490190432 -0.020210551052687733 0.004733250942081213 -0.005631142668624427 0.020173920533523838 0.9997806275191337 -0.0004007254901807755
0.9999116477888369 0.010798758110678588 0.007751350816478652 -0.006071539595723152 -0.010514548492809564 0.9993031285568758 -0.03581482271954823 0.013030895963311195 -0.008132704728774247 0.0357301564467239 0.9993283819816623 0.00021732276945840567
0.9998411170841301 0.0158821662272531 0.008093045402614128 -0.005550476256757975 -0.01551546265673405 0.9989320780479868 -0.043519810032655044 0.01000641193240881 -0.008775591518887143 0.04338732813461544 0.9990197839636775 0.0008168742060661316
0.9997507460794597 0.019391585519994762 0.011064001291774048 -0.007910804823040962 -0.018729308721698926 0.9981920842327792 -0.057111959954353475 0.017078634351491928 -0.012151489965059459 0.05689050347853421 0.998306471934139 0.0006198309711180627
0.9996487666368377 0.02500926431609238 0.008768127497767607 -0.003974341321736574 -0.02429995687763083 0.9970106820471162 -0.07334311133085145 0.02460610680282116 -0.01057617403386321 0.0731042856631006 0.9972682226765742 0.0033538842108100653
0.9994677910663534 0.030053833417729124 0.012684704089709321 -0.00758452108129859 -0.028811118263056414 0.9956304218684977 -0.08882557353819624 0.028986485674977303 -0.015298826274465549 0.08841283926476244 0.9959664230122254 0.004781865049153566
0.9993530207238842 0.034381337395817876 0.01055763273290411 -0.004078359808772802 -0.033133862013467935 0.9942779816351677 -0.10155512012483493 0.035716138780117035 -0.013988822613802042 0.1011396009205698 0.994773890875463 0.0047849309630692005
0.9988368877077052 0.048163464065987996 0.002269908268928125 0.00684203440323472 -0.04748993991813906 0.9908304159066021 -0.12649028627100725 0.04457865655422211 -0.008341304511682083 0.1262353660568785 0.9919652488850248 0.006146297324448824
0.9988360917211375 0.048212889802261655 -0.001406816320015479 0.010187315754592419 -0.04788392346858314 0.9876721576910444 -0.1490330124340625 0.06503263860940933 -0.005795838895117882 0.14892691556206863 0.9888312202153966 0.00583722535520792
0.9988784755886372 0.0471641370010968 -0.004163554570576227 0.014247719198465347 -0.0472080491361388 0.9853317910526302 -0.1639898217505455 0.07660970836877823 -0.0036319557376569334 0.164002456450986 0.9864532442926842 0.006736494600772858
0.998884600826503 0.046998342433188185 -0.004550828519132406 0.016764802858233452 -0.04711896865114657 0.985902330115965 -0.16055029824065473 0.06728717684745789 -0.003058925453493957 0.16058565091702212 0.98701716889557 0.005870028864592314
0.9991158139313675 0.041694728095375465 -0.0053981479521922685 0.01769908331334591 -0.042025002632066315 0.9867012338463023 -0.1570177514803961 0.056684013456106186 -0.001220453209209351 0.15710577575390827 0.9875810274193844 0.010938644409179688
0.9994200249947119 0.03394263385807402 -0.0027406653108419062 0.017786189913749695 -0.03396155426503148 0.9876024610103573 -0.15325792585764952 0.05203917622566223 -0.002495289857440869 0.15326211734496625 0.9881824208694795 0.015565137378871441
0.9995550614749223 0.029778145930909095 -0.0017149649505659855 0.017972741276025772 -0.02969808708294815 0.9882224251668837 -0.15011482945031257 0.04930126294493675 -0.0027753744752404145 0.15009896875795076 0.9886670809096063 0.01800183206796646
0.9996825788002621 0.025184113474971737 -0.0007085702065162674 0.018815666437149048 -0.025012188304999385 0.9886992554203335 -0.14781127415550352 0.049042727798223495 -0.003021933065616691 0.14778207861495898 0.9890153311050285 0.01752377487719059
0.999780505552503 0.020950896836749545 -2.527681593849653e-05 0.019688719883561134 -0.02073319609218403 0.9892168683346426 -0.14498317827253432 0.04890136420726776 -0.003012523358347784 0.14495187933910447 0.9894341197770962 0.017121875658631325
0.9998558396069256 0.016963236675633715 0.0007406790238518428 0.02087370678782463 -0.01668421951382345 0.9896371234689344 -0.14261837424170723 0.04976203292608261 -0.0031522726951346983 0.14258545666939368 0.9897774753565753 0.015388140454888344
0.9998796523117326 0.01546406992915311 0.0012423502706023824 0.021504854783415794 -0.01513132922637245 0.9897652280314375 -0.14190079723426355 0.050301264971494675 -0.0034239989503109134 0.14186492139039417 0.9898801040075942 0.014368116855621338
0.9998920806094085 0.01459815840757329 0.0016495168066792845 0.02200034260749817 -0.014217691484022748 0.9898276881118759 -0.14155919290517288 0.050470951944589615 -0.003699240929334979 0.14152046360228687 0.989928418623458 0.013366962783038616
0.9998846724982418 0.014953949284020118 0.0026497365708137333 0.02286655269563198 -0.014429131650467091 0.989847763494685 -0.14139733117843398 0.0493953600525856 -0.004737284337808147 0.1413427907796546 0.9899493793279137 0.010158353485167027
0.9998551411474161 0.016620228073933787 0.0036694331784436107 0.02360788732767105 -0.01593652858031706 0.9898708608214624 -0.14107340625853584 0.04799261689186096 -0.005976937166256396 0.14099449250005328 0.9899923380040692 0.007724038790911436
0.9998128332736955 0.01877765348976174 0.004658127375232479 0.02440238557755947 -0.01792789017806513 0.9897367591458408 -0.14177354601353198 0.046143338084220886 -0.007272494413108011 0.14166350032702946 0.9898881570662945 0.0054728626273572445
0.9997385827186636 0.02209169475123693 0.005892643438731152 0.02483745664358139 -0.021023701026902583 0.9895174198750474 -0.14287504946267013 0.04235656186938286 -0.008987225312034063 0.14271381428175475 0.9897231921069363 0.0011906303698197007
0.9996390238281692 0.025918430301442533 0.007075097919766673 0.025115428492426872 -0.024619845352610057 0.9891289708673349 -0.14497497096306208 0.03944014757871628 -0.010755708004524208 0.14474845063639333 0.9894100266237881 -0.002739798044785857
0.9995353489153455 0.029438256108270354 0.007904134739647186 0.025840312242507935 -0.02795691067574861 0.9887293136822997 -0.14708077852254198 0.03638715296983719 -0.012144851343134163 0.14679146209038424 0.9890929022307361 -0.00556923309341073
0.9993384279252863 0.035261372901667976 0.008907415613242764 0.026257749646902084 -0.03352820336137073 0.9881147834351293 -0.15001678018243877 0.03159467130899429 -0.014091346677166588 0.14961888362782652 0.988643324769245 -0.008681870065629482
0.9990878626510551 0.041392646348653875 0.010492451172237639 0.027402488514780998 -0.03930051513175298 0.9874175986365855 -0.15317295914467996 0.026654643937945366 -0.01670066506835506 0.15262088563173196 0.9881436904900321 -0.0071059949696063995
0.9989112322273062 0.04553367806022441 0.01015058089138876 0.029912028461694717 -0.043255207378088044 0.985500671630973 -0.1640652713086466 0.03234880045056343 -0.01747389953053943 0.1634475768471624 0.9863972589469151 -0.005118093453347683
0.9986901832994621 0.04992810257566618 0.011184916382358513 0.02971644699573517 -0.047236758616416796 0.9837107604171788 -0.17344113835786004 0.036026544868946075 -0.019662309546464002 0.17268562306298038 0.984780721364228 -0.003526948858052492
0.9985076256187339 0.053148810267298015 0.012558883246899603 0.02916921302676201 -0.05015798780918495 0.9834533690781523 -0.1740794275834027 0.03226203843951225 -0.021603190509092693 0.17318970759257676 0.98465152584243 -0.00494283577427268
0.9983636350328667 0.05653801961502003 0.00857348132164474 0.03536875545978546 -0.05392944586866437 0.9807553627852945 -0.1876446994619998 0.039487823843955994 -0.019017547482779715 0.18687528115269025 0.9821995531366542 -0.0014684803318232298
0.9982614016963377 0.05801486802874421 0.010413883563328967 0.033792298287153244 -0.054961228123225195 0.9800254117016174 -0.1911268056088996 0.04049944132566452 -0.02129406693071994 0.19022215303871076 0.9815101095795536 -0.002529510296881199
0.9981476053034242 0.05968285497955461 0.011803171121744203 0.032705456018447876 -0.05606918155691268 0.977718467426926 -0.20229395772459685 0.048793725669384 -0.023613659322046756 0.2012574353255861 0.9792537157548037 -0.0011790767312049866
0.9980300679320715 0.06058028406025865 0.01630989536088815 0.02799389511346817 -0.055756731277605644 0.9756612438778751 -0.21207622241051544 0.05574960261583328 -0.02876057059137773 0.21074906020634093 0.9771170161251939 0.0010748213389888406
0.9978970285175139 0.06162599455171852 0.020093712236107824 0.02449134923517704 -0.055651981877065104 0.9734937928930661 -0.22183933851286824 0.06441733986139297 -0.033232174004581276 0.22025456180107528 0.9748761719401832 0.00449585122987628
0.997827025844237 0.06198587889009991 0.02233780009459884 0.022076427936553955 -0.05534350075158075 0.9724714854615755 -0.22635438340954786 0.06848882138729095 -0.03575364903620573 0.22462626912803116 0.9737888455913926 0.005604781210422516
0.9981226472876332 0.05907843993125958 0.0161529844553716 0.03147837065000153 -0.054172084154817945 0.9746198781356027 -0.2172129794493559 0.05269480503855317 -0.028575623700109246 0.21593015323995754 0.9759905750835497 -0.0010627071540169593
0.998174551524606 0.05816609969696036 0.016256369050159973 0.031880460587110956 -0.05310664737798318 0.9735076953551408 -0.2224015537009419 0.05537514315674634 -0.028761931314191747 0.22113224986502006 0.9748196137628296 -0.0007198812713281557
0.9982003723948693 0.05717580227959485 0.018081597950093616 0.030211011966366934 -0.05168030180497769 0.9731667767602358 -0.22422214657664769 0.05472292511450012 -0.030416491515139834 0.22288416777280962 0.9743703016821332 -0.0010726504769124248
0.9982310112014826 0.05582778895277148 0.020447646718150036 0.027430059990659283 -0.04962975277240365 0.9718154961851605 -0.23045938690828005 0.05873743969045053 -0.03273737795571841 0.22903689518292686 0.9728670848217393 -0.00044987715904121217
0.9982637976120026 0.05510388357487999 0.020807508073504736 0.028056086010258743 -0.04858283908947195 0.9700292526570309 -0.23808182781482626 0.06467491041349166 -0.03330312482739975 0.2366575817602474 0.9710221886610637 -0.0002490912109871815
0.9982548903646546 0.055123717444982394 0.021178990488146008 0.027864495858848547 -0.0483176003606579 0.9686406913540136 -0.24372242520663975 0.06822358318798537 -0.033949718090714495 0.2422737848556135 0.9696137529002448 0.00022229376341623944
0.9983078086756519 0.055107708335993016 0.01856501061602408 0.03175697696048405 -0.04893696594924213 0.9686174293216588 -0.24369129852742827 0.06289517178367361 -0.03141166186149146 0.24237041093387734 0.9696751473575276 0.0014908760743488766
0.9982883318586688 0.055326096320079905 0.01895862708155241 0.031513222283365415 -0.04893588141578783 0.9677131613588491 -0.24725799651967176 0.06377526065226145 -0.032026332679469915 0.24590701575767068 0.9687641888593223 0.0017370969942810059
0.9983962689609682 0.05367685517372173 0.017991257417901352 0.03225811642510867 -0.04741609243269031 0.9664970850071989 -0.25225998265876803 0.06579855309606444 -0.030929020405316043 0.251002350369965 0.9674922303592525 0.0004264260567332168
0.9982469847630577 0.05589388468377454 0.019463583082789362 0.0319644132910202 -0.04915478312547754 0.9661191291900987 -0.25337252319233977 0.06596249439855795 -0.03296611453221322 0.2519716290932818 0.9671729594155983 6.783002353819012e-05
0.9982100658392689 0.05685887104098395 0.018540044258503658 0.03331050629046898 -0.050212873945820004 0.9652083626480782 -0.2566154398400792 0.06709020094266196 -0.03248586996316565 0.2552251661928362 0.9663357505518335 -0.00031897758372864064
0.9981936855584547 0.05726626290095085 0.01816428486310879 0.03393149928918922 -0.05059541278245017 0.9643294946380945 -0.2598244214395767 0.06810977251047085 -0.032395529268750334 0.2584360673443172 0.9654850225555035 -0.0002623545992731396
0.9982185704279618 0.056623303066802674 0.018801255345358862 0.03305695833538558 -0.04968504859618124 0.9633867341610908 -0.26347181327121677 0.06948156650991076 -0.03303152431771018 0.26206831550615356 0.9644838601080973 -0.0003712135112645934
0.9981290437457186 0.058031363850087815 0.019255462626381753 0.032594792961394684 -0.050850121057760274 0.9627416624367526 -0.26559886407311495 0.07036039560963785 -0.03395110041910848 0.2641227976116727 0.9638913167790832 -0.0012119656554742714
0.9981012084159144 0.05853230060608174 0.01918195882725865 0.032521379672120404 -0.051276233624281235 0.9621196123570388 -0.2677622067866368 0.07078435468694756 -0.034128076769714015 0.2662702035596563 0.9632940636546556 -0.000570167576778955
0.998119601151901 0.05823281153044095 0.019136390924894314 0.031931948877165876 -0.050872864966012704 0.9611373223699547 -0.2713429548701487 0.07174427940894273 -0.034193762684443935 0.2698591988589121 0.9622924708136846 8.910991771632955e-05
0.9980673625285577 0.05913435664299923 0.019096275021770356 0.031977009729298594 -0.051696744356700484 0.9606575062407071 -0.2728820300538377 0.0720056954097961 -0.03448168322756989 0.27136743276930675 0.9618579572649951 0.0005573174039583103
0.9980594947113611 0.0594514371006934 0.01851409309592805 0.03229670040609167 -0.0520901023924139 0.9600732631769122 -0.27485623617735744 0.07251509335598987 -0.03411548401020028 0.27335847519237033 0.9613070673781879 0.0009792991892785413
0.9980451049535028 0.05979324802172251 0.018186147732936794 0.03243813773674275 -0.05245872628896552 0.9596475760358223 -0.2762690931767613 0.07284710289754998 -0.033971318998396616 0.274774993948837 0.9609082433749467 0.0007035019123249285
0.9980401019662422 0.06000374268191776 0.017762481002805433 0.03252103285153732 -0.05273085206460597 0.9592474284643346 -0.27760372516430976 0.07307841789315433 -0.03369587671738877 0.27612301941113704 0.9605314497940831 0.0008033808162485202
0.9980413718434821 0.060080527190120456 0.01742843485048171 0.03256615619781115 -0.05286207878015042 0.958949678625697 -0.2786056612682406 0.07320311627094046 -0.033451767005966346 0.2771386730794344 0.9602474343459341 0.0007269596507291031
0.9980374776307256 0.06035643093250018 0.01668216081894347 0.033032587195550016 -0.053298067314161715 0.9586186327211521 -0.27965985235711593 0.0735294183610788 -0.032871100758475436 0.27822188671080345 0.9599542033295166 0.0010853334362057327
0.9980447051470612 0.06046135120278552 0.015849023271140097 0.033622889748250964 -0.05359714795973447 0.9583082376052978 -0.28066468867388794 0.07391140606639801 -0.032157615870864006 0.2792664440074416 0.9596750184270405 0.0010878326603824052
0.9980280643217864 0.060813207289952965 0.015547882338675954 0.03378502209187442 -0.05401472273427737 0.9582459724732552 -0.28079719722020846 0.07399732235742898 -0.03197487379251463 0.27940366865503885 0.9596411815819796 0.0006985005768744429
0.998025945851411 0.06093149007066327 0.015217257478439127 0.033873020215283677 -0.05421015160257511 0.9581411535550541 -0.28111703848649217 0.074117907217665 -0.0317091606735699 0.2797371683955473 0.9595528363500464 0.0006000283841068423
0.9980522369391447 0.06064607121281675 0.01462143588090284 0.034032296669368196 -0.05408200851637356 0.9579588313260119 -0.28176233573587567 0.07442248032129038 -0.0310945123069054 0.2804227728465564 0.9593728158403512 0.00047652750031242953
0.9980719661574936 0.0603866990684137 0.014345624633860786 0.033992340936188206 -0.05389603508178547 0.9578371058476509 -0.2822114385772816 0.07467099123186925 -0.030782588795904404 0.28089415308442556 0.9592449671434328 0.0004557851644659745
0.9980881910871177 0.060173806718841295 0.014109422291823609 0.03403445615205478 -0.0537489883131251 0.9577608484750607 -0.2824981475756033 0.07485053054954824 -0.030512441196354968 0.2811996979253273 0.9591640739826235 0.00040604134652665416
0.9980904327310852 0.060223142383164036 0.013735399964040997 0.0339720969216189 -0.05389701513940966 0.9577099480921959 -0.2826424721875779 0.0748439041639577 -0.030176147032669236 0.2813624503140756 0.9591269841389731 0.0006798871274409169
0.998091593586682 0.06028000606808717 0.013397450504822632 0.034006645267757804 -0.05404587209120766 0.9576936417582199 -0.2826692983784751 0.07497260743525222 -0.029869960185755502 0.2814057735802695 0.9591238585679076 0.0005454200272515027
0.998110744264949 0.060010329586509294 0.013179625403940408 0.03401458601865599 -0.053840864160028666 0.9576327179883937 -0.28291471998583423 0.07518587580824798 -0.02959904608886923 0.28167061930751697 0.9590545128873275 0.00034262715784332573
0.9981235932025037 0.05994245494206679 0.012497791326517712 0.03406439933371093 -0.05396181391300413 0.9575664434958502 -0.2831159284284919 0.07526211431032725 -0.02893812937529313 0.2819102842860241 0.9590042629112927 0.00037277016358972176
0.9981368277090267 0.05987164793225648 0.011758356383302688 0.03414580553526605 -0.05409404934763312 0.9574747268709661 -0.2834007431686528 0.07535394841470244 -0.028225998585287647 0.28223666164629435 0.9589294863683244 0.0005237048428935313
0.9981415986990827 0.05987104539203212 0.011349311437457476 0.03404297400739175 -0.05420284112404442 0.9574061431743469 -0.28361158126230207 0.07542092932128039 -0.02784602234648196 0.28246935220601727 0.9588720791136803 0.0006361913174507316
0.9981502008011761 0.0598083842302325 0.010914843853241079 0.03413888493212697 -0.0542588666528059 0.9573341570264102 -0.2838437724877639 0.07544419033945268 -0.027425390245624324 0.28272649144765566 0.958808416214404 0.0008272627436755836
