0.99999754142633 -0.00205035257445184 0.000844509097578829 -2.5675348297227174e-05 0.0020532693507895774 0.9999918800603109 -0.003467549338917994 1.0963348131554085e-06 -0.0008373925415018005 0.0034692748183390116 0.9999936314327038 -0.00011881368845934048
0.9999975689568786 -0.0020241505611047093 0.0008745826653780119 -0.003745544934645295 0.0020271441340498934 0.9999920435051866 -0.0034356386568937312 0.0032114603091031313 -0.0008676214568504664 0.0034374032098278703 0.9999937157263442 0.008775169961154461
0.9999975689568786 -0.0020241505611047093 0.0008745826653780119 -0.003745544934645295 0.0020271441340498934 0.9999920435051866 -0.0034356386568937312 0.0032114603091031313 -0.0008676214568504664 0.0034374032098278703 0.9999937157263442 0.008775169961154461
0.9999949940400297 -0.0027832114478057403 0.00150520062379193 -0.0037561412900686264 0.0027914631933619663 0.9999809339524286 -0.005508127165267953 0.003212118521332741 -0.0014898416429828887 0.005512301303943792 0.9999836973202181 0.008695780299603939
0.9999949940400297 -0.0027832114478057403 0.00150520062379193 -0.0037561412900686264 0.0027914631933619663 0.9999809339524286 -0.005508127165267953 0.003212118521332741 -0.0014898416429828887 0.005512301303943792 0.9999836973202181 0.008695780299603939
0.9999912517237386 -0.004098198515677436 0.0008374036760682097 -0.0038138809613883495 0.004108012863056317 0.9999186540961444 -0.01207515717793858 0.0032191502396017313 -0.0007878491654860883 0.012078491606200545 0.9999267419837372 0.008668645285069942
0.9999912864137361 -0.004105244988290775 0.0007576675968089387 -0.003820697544142604 0.004114510896378659 0.9999113625456818 -0.012662458375911277 0.0032200287096202374 -0.0007056179452947879 0.012665465472070809 0.9999195408070046 0.008689804002642632
0.9999913527589613 -0.004073253949748918 0.0008384566556518248 -0.008307182230055332 0.004083474591467371 0.9999126291466596 -0.012572164025164909 0.006388386245816946 -0.0007871737822059375 0.012575479127081606 0.9999206156901462 0.015283569693565369
0.9999913527589613 -0.004073253949748918 0.0008384566556518248 -0.008307182230055332 0.004083474591467371 0.9999126291466596 -0.012572164025164909 0.006388386245816946 -0.0007871737822059375 0.012575479127081606 0.9999206156901462 0.015283569693565369
0.9999913527589613 -0.004073253949748918 0.0008384566556518248 -0.008307182230055332 0.004083474591467371 0.9999126291466596 -0.012572164025164909 0.006388386245816946 -0.0007871737822059375 0.012575479127081606 0.9999206156901462 0.015283569693565369
0.9999916999817641 -0.004064299785710551 0.00028536789128467917 -0.009036836214363575 0.004067858996967561 0.9998960172262956 -0.01383500119885975 0.00689655588939786 -0.0002291086255319863 0.013836047204441515 0.9999042510695683 0.01640443503856659
0.9999916999817641 -0.004064299785710551 0.00028536789128467917 -0.009036836214363575 0.004067858996967561 0.9998960172262956 -0.01383500119885975 0.00689655588939786 -0.0002291086255319863 0.013836047204441515 0.9999042510695683 0.01640443503856659
0.9999881135731709 -0.004082715859813979 -0.0026653599342361927 -0.010861078277230263 0.0040355632241837434 0.999839368577211 -0.01746285407908605 0.008167216554284096 0.002736227664984014 0.017451890279619 0.9998439601176943 0.019336959347128868
0.9999765537532449 -0.004486839353088843 -0.0051730277791074905 -0.015051369555294514 0.004378142594293887 0.999773332151707 -0.02083545501534981 0.007690493017435074 0.005265340559534024 0.020812318248869092 0.9997695352419477 0.030040819197893143
0.999986365062545 9.921650624809944e-06 -0.005222029352580107 -0.04134759679436684 -0.00011559454612813965 0.9997952230892523 -0.020236069920150174 0.017860885709524155 0.005220759226325684 0.02023639764071536 0.9997815920908064 0.06216772645711899
0.9999686404249334 0.00024341761704325065 -0.007915738409898457 -0.043392084538936615 -0.0004044163792442151 0.9997929609780487 -0.020343835089237795 0.018621239811182022 0.007909147495301107 0.020346398369480947 0.9997617063377092 0.06515252590179443
0.9999686404249334 0.00024341761704325065 -0.007915738409898457 -0.043392084538936615 -0.0004044163792442151 0.9997929609780487 -0.020343835089237795 0.018621239811182022 0.007909147495301107 0.020346398369480947 0.9997617063377092 0.06515252590179443
0.9999010637732964 0.00026592541302649736 -0.014063852555582016 -0.049166660755872726 -0.0005637268627995498 0.9997756207014609 -0.021175232301748913 0.01915391907095909 0.014055065885815062 0.02118106547564544 0.9996768565832971 0.07071724534034729
0.9998766444105307 0.0005806089418574924 -0.01569582287087528 -0.05130314454436302 -0.0009094354327377292 0.9997800916814258 -0.02095092371886345 0.01986028254032135 0.01568020693520776 0.02096261364278293 0.999657291245221 0.07358735054731369
0.999866424818088 0.0010681937234947774 -0.016309245343179603 -0.05322718247771263 -0.0014007812597776337 0.9997910233151942 -0.020394791252154987 0.020493101328611374 0.016284051503148565 0.020414912699441262 0.9996589723531305 0.07613097876310349
0.9998511955075968 0.002055334922024888 -0.017127826493392825 -0.05664806813001633 -0.0023784362621166416 0.9998192082467022 -0.01886514940000518 0.021617354825139046 0.017085955723239857 0.018903079624647726 0.9996753191400335 0.080576092004776
0.999866350295081 0.0028878189387314145 -0.01609167640028753 -0.05857017636299133 -0.0031717554203533013 0.99983924107356 -0.01764743542277236 0.018290655687451363 0.016038126921430883 0.01769611571008071 0.999714772309396 0.08030319213867188
0.9998635194649043 0.003458750068455309 -0.016154859678090383 -0.06065748631954193 -0.0037317391630318185 0.9998502411051957 -0.01689880128000145 0.018805276602506638 0.016093991614075258 0.016956780645094295 0.9997266881623598 0.082768015563488
0.9998821872444804 0.003958373456158314 -0.01483047237196369 -0.06781952828168869 -0.004194521113374221 0.9998643748020787 -0.015926016271430483 0.01566179096698761 0.014765419866141799 0.015986346713054607 0.9997631815059738 0.08916892856359482
0.9998831774406743 0.004620694706605751 -0.014569854205487195 -0.07011242210865021 -0.004833643365943751 0.9998815188090533 -0.014614521405490157 0.016031188890337944 0.014500598710111086 0.014683239578819372 0.9997870448813183 0.09170354157686234
0.9999029896007497 0.004412849136393803 -0.013211288732833922 -0.07530370354652405 -0.004609573508490765 0.9998784023330426 -0.014897395074033166 0.013404861092567444 0.013143942313959546 0.01495684827834514 0.9998017450825067 0.09590078145265579
0.9999749035025461 0.002293514277366061 -0.006703145331344606 -0.09088063985109329 -0.0024321075616252044 0.9997819164090799 -0.02074137107802517 -0.011377912014722824 0.006654112854640689 0.020757153312705758 0.9997624034581769 0.1269320547580719
0.999991500202196 -0.0002774772861008025 -0.004113700246415544 -0.08615875244140625 0.0001627867315838802 0.9996119802482563 -0.02785430747011796 -0.022929415106773376 0.004119832987110206 0.027853401058318662 0.9996035289181621 0.1387387216091156
0.9999968458922582 -0.0013229641958824065 -0.0021349405779669977 -0.07584772258996964 0.0012566288508494175 0.9995254226269311 -0.03077905791907518 -0.04259544610977173 0.0021746469750857753 0.03077627801068519 0.9995239324910348 0.14353367686271667
0.9999982702754512 -0.0017570495836827116 -0.0006101007015838195 -0.06530488282442093 0.0017368794879936327 0.9994984311228853 -0.03162071208140447 -0.07310862839221954 0.0006653538530583819 0.031619597714888335 0.9994997540492938 0.14463819563388824
0.9999779576588836 -0.003857202585236408 0.005404274658493758 -0.04977607727050781 0.004037871486555492 0.99941949229288 -0.03382859764903233 -0.12196530401706696 -0.005270653681096339 0.03384967375409251 0.9994130376358493 0.15492691099643707
0.9962998776553895 0.06138475724117025 0.06015368120322031 -0.05130850896239281 -0.05521187029396127 0.9935149195695685 -0.09939695151923329 -0.1193297803401947 -0.06586503748195138 0.09570797339363431 0.993227960070791 0.17227666079998016
0.9857636926341901 0.13208802440025022 0.10403218777976793 -0.044482626020908356 -0.1134028623988657 0.9791334518101905 -0.16863414347635866 -0.11264657974243164 -0.12413594597839066 0.15443586810161716 0.9801733670936739 0.18506543338298798
0.9857636926341901 0.13208802440025022 0.10403218777976793 -0.044482626020908356 -0.1134028623988657 0.9791334518101905 -0.16863414347635866 -0.11264657974243164 -0.12413594597839066 0.15443586810161716 0.9801733670936739 0.18506543338298798
0.9863347537950611 0.12631876710342593 0.1057701400845566 -0.02989395707845688 -0.10779698477622111 0.9802987419936445 -0.16551189237886524 -0.10332511365413666 -0.12459359345163556 0.15184842943918894 0.9805195005443085 0.1988057643175125
0.9863347537950611 0.12631876710342593 0.1057701400845566 -0.02989395707845688 -0.10779698477622111 0.9802987419936445 -0.16551189237886524 -0.10332511365413666 -0.12459359345163556 0.15184842943918894 0.9805195005443085 0.1988057643175125
0.9867102456208552 0.12263759276536763 0.10659696068625718 -0.0257484782487154 -0.10410968532095437 0.9808279401155505 -0.1647353189545523 -0.09076738357543945 -0.12475602033250127 0.1514482509948598 0.980560738894534 0.21004492044448853
0.9867205082084818 0.1224128256196957 0.1067601929775207 -0.026086661964654922 -0.10372251829293729 0.9806855689647637 -0.16582356293129466 -0.09320828318595886 -0.12499711148569305 0.1525480742194398 0.9803595295462647 0.21478180587291718
0.9869432132861199 0.1206362086155258 0.10672393789276965 -0.026866065338253975 -0.1020644770543352 0.9809949027298762 -0.1650207360958792 -0.08300568908452988 -0.12460311501761703 0.15197337263110294 0.98049893306369 0.2182130366563797
0.987054762439465 0.12045461042321323 0.10589420557029268 -0.027214331552386284 -0.10193485157644108 0.9809055970162649 -0.16563060036193172 -0.08513157069683075 -0.12382318837625043 0.15269216276533953 0.9804860638736191 0.2229987233877182
0.9873319126501269 0.11856372125373058 0.10544353116768225 -0.02942987158894539 -0.10023094379495787 0.981222489435231 -0.16479133512566688 -0.07760130614042282 -0.12300183807006422 0.1521350394517829 0.9806760309105093 0.2273944914340973
0.9874426515858837 0.11844750483302913 0.10453324077951719 -0.029825272038578987 -0.10019449680431064 0.9811433588883663 -0.165283913673973 -0.0794975534081459 -0.12213956213762174 0.15273473052349262 0.9806905880310803 0.23223745822906494
0.9874426515858837 0.11844750483302913 0.10453324077951719 -0.029825272038578987 -0.10019449680431064 0.9811433588883663 -0.165283913673973 -0.0794975534081459 -0.12213956213762174 0.15273473052349262 0.9806905880310803 0.23223745822906494
0.9875795483739632 0.11824342659817424 0.10346558703163554 -0.030220206826925278 -0.10007368895337743 0.9810417784097344 -0.16595868700953312 -0.08139334619045258 -0.12112758733146399 0.15354322219162816 0.9806898523520424 0.23711636662483215
0.9882432050588442 0.11439834309850594 0.10143168514492719 -0.03611740097403526 -0.09664878492239218 0.9814929401762151 -0.16531975307649618 -0.0634378120303154 -0.11846678871332801 0.15357287351796542 0.9810101897999769 0.24203601479530334
0.9883965007678647 0.1141156155678798 0.10024960625061947 -0.03662450984120369 -0.09646635603694925 0.9813901632393119 -0.16603490491480766 -0.06482750922441483 -0.11733115282307986 0.15443760481398483 0.9810109208344862 0.24642489850521088
0.9885260480347244 0.11241389235852024 0.1008928598150379 -0.03672151640057564 -0.09482876559848714 0.9817643298892158 -0.1647613600703949 -0.056822195649147034 -0.11757447670271404 0.15330335078525245 0.9811596837753256 0.24344059824943542
0.988945931506971 0.10878176346519604 0.10075947842864076 -0.03683233633637428 -0.09136331473023072 0.9822627914487375 -0.16374539155908713 -0.05067726597189903 -0.11678479899933204 0.15272961884564534 0.9813434537662895 0.2502986192703247
0.9891052490499396 0.10708624002032943 0.10101160081973468 -0.03663859888911247 -0.0897315960422263 0.9825408807680432 -0.16297747786511094 -0.048592228442430496 -0.11670067254978328 0.1521379466729665 0.9814453618050074 0.25299525260925293
0.9891873509506853 0.10522460510981657 0.10215756065337919 -0.03663794323801994 -0.08759963078690522 0.9825860826203211 -0.16386242683070848 -0.04965256527066231 -0.11762095648804924 0.15314167532169212 0.9811793607055246 0.257931113243103
0.9891955340490545 0.1034988995883973 0.10382761290425933 -0.03729775547981262 -0.08559467745898632 0.982719294735148 -0.1641229385124012 -0.052553750574588776 -0.1190199420605554 0.15346258677359828 0.9809604925034737 0.25752049684524536
0.9887691307363498 0.09681981507644476 0.11384871326214627 -0.04513512924313545 -0.07725198022289785 0.9832248154096864 -0.1652304267204711 -0.07003874331712723 -0.12793645944188214 0.15457970685426664 0.9796618684905137 0.2615711987018585
0.9885476798681051 0.09324587501206603 0.11865366164017309 -0.048999298363924026 -0.07290178878609917 0.9835061880735217 -0.16553219388649867 -0.07732561230659485 -0.13213180472230562 0.1549864020303864 0.9790405514413087 0.26496225595474243
0.9884578065521265 0.08968353909624613 0.12209843357443657 -0.05250456556677818 -0.06890751590513261 0.9839082699995362 -0.16485226864773106 -0.07963080704212189 -0.13491819342825084 0.15453601211915585 0.9787316803089421 0.2682294547557831
0.988400838917757 0.08981428898789558 0.12246295407294823 -0.05272086337208748 -0.06893965640845713 0.9838566199338548 -0.16514682917517462 -0.08006150275468826 -0.1353185331022995 0.1547887105247964 0.9786364747408063 0.26939478516578674
0.9886276654164203 0.08421897805626541 0.12458933705753701 -0.05601586028933525 -0.06353604137903729 0.9848178403119903 -0.16154563704758 -0.04816444218158722 -0.13630301030850178 0.1517925727378829 0.9789691028027672 0.29010316729545593
0.9887730801924772 0.08445258931690663 0.12327025612186733 -0.056696925312280655 -0.06407657993328558 0.9849063809115959 -0.16079058661400403 -0.04889734834432602 -0.13498884320837085 0.15108666717249464 0.9792603490451217 0.2939702272415161
0.9891419695926382 0.08018767522243893 0.12315884350227194 -0.05774020403623581 -0.0600703918885382 0.9854251051647049 -0.1591505894726365 -0.01619787886738777 -0.13412573209028125 0.1500243275390724 0.9795422344838915 0.3116375207901001
0.9891934109676138 0.08022005352647034 0.12272383106172888 -0.05789296701550484 -0.060179056813772495 0.9854303446675241 -0.15907707857969175 -0.01624244637787342 -0.1336969589005759 0.14997259356514084 0.9796087710714328 0.3125588297843933
0.9893339822743158 0.07811537953907763 0.1229481963946998 -0.05698566883802414 -0.05813522762905716 0.9856558917844916 -0.15843850005297347 -0.0054391310550272465 -0.13356109772595284 0.14960097081898974 0.9796841239421277 0.3186163902282715
0.9894963949029222 0.07810264167087633 0.12164235215643827 -0.05743246152997017 -0.058323462863137 0.9856474396432141 -0.15842190001520914 -0.00545877031981945 -0.13226964184487885 0.14966329573014 0.9798498046932602 0.32144880294799805
0.9896295068107271 0.07596381646549986 0.12191364910276774 -0.056836582720279694 -0.0562389185691785 0.9858723152964761 -0.15777503595352127 0.002476456807926297 -0.13217648538119872 0.14928253923336604 0.9799204560536087 0.3252304494380951
0.9899487405244773 0.0731315926911978 0.12105065586129524 -0.0530628077685833 -0.053711615678748395 0.986207555269351 -0.15655580561201934 -0.009582041762769222 -0.13083024679018004 0.14848039628213114 0.9802229432352223 0.32697975635528564
0.9901836112765812 0.0715810926518497 0.12005233497952374 -0.05093036964535713 -0.05227091942646753 0.9862285476836298 -0.15691081134246337 -0.016892697662115097 -0.1296308872976661 0.14909526789474475 0.9802889544158978 0.3274381756782532
0.9901836112765812 0.0715810926518497 0.12005233497952374 -0.05093036964535713 -0.05227091942646753 0.9862285476836298 -0.15691081134246337 -0.016892697662115097 -0.1296308872976661 0.14909526789474475 0.9802889544158978 0.3274381756782532
0.9903893212735243 0.06993654677832464 0.11932255332539243 -0.048754218965768814 -0.050674882786300744 0.9862283169722088 -0.15743494865105115 -0.025624850764870644 -0.12868973759380578 0.14987523553572032 0.9802940197773063 0.32670021057128906
0.990530206892872 0.06818313994710677 0.11916781721470486 -0.0444684661924839 -0.04873396262727309 0.9860582598227883 -0.15910408266885526 -0.037073325365781784 -0.1283546264043786 0.1517898799729667 0.9800433267046843 0.32560715079307556
0.9906830352922733 0.06649919336088948 0.11884856274452556 -0.03992565721273422 -0.0468343633530389 0.9858109255062176 -0.16119355310275338 -0.049010664224624634 -0.12788145289057332 0.15412552168581842 0.9797406072893328 0.32366377115249634
0.9909047531969012 0.06290657035686041 0.11895601497076894 -0.02777397818863392 -0.042800491755988934 0.985432986819267 -0.16459023784509136 -0.08011188358068466 -0.1275769885098169 0.1580018730724278 0.9791626627421873 0.31546300649642944
0.990846215868059 0.06128144832108783 0.12028449855080117 -0.023224573582410812 -0.04149058946508307 0.9861420825164238 -0.16063101841179644 -0.09936324506998062 -0.12846130734889702 0.15416996199597632 0.9796577541837616 0.33042633533477783
0.990956182217801 0.061357917898885395 0.11933587405065554 -0.02908216416835785 -0.04226892659979117 0.9867931850391184 -0.1563731044791708 -0.09540945291519165 -0.12735455535010026 0.1499146953152553 0.9804623406128928 0.338244765996933
0.9912960832249234 0.05725677522379568 0.11854845875800145 -0.03401044011116028 -0.03861803012247365 0.9873254727900413 -0.15393848943451766 -0.07455863058567047 -0.12585993457961733 0.1480205136827093 0.9809430179152718 0.3466856777667999
0.9915480130159001 0.055364702316543994 0.11733408550639032 -0.029184490442276 -0.03685600760832384 0.9873184769944511 -0.15441457084269192 -0.0720849335193634 -0.12439522734974853 0.14878499495163486 0.9810141959675438 0.3515395224094391
0.9918418499516398 0.051826294733952796 0.11646364178857774 -0.020390663295984268 -0.03340306588247077 0.9873644032141209 -0.15490568244991548 -0.07184898108243942 -0.12302024172533563 0.1497516959495691 0.9810404933977331 0.35912248492240906
0.9918452680322816 0.05037120474141058 0.11707137145720377 -0.016390327364206314 -0.03202408611033878 0.9876112932437553 -0.1536176792110692 -0.07198484987020493 -0.12335891613811016 0.14861586453099904 0.9811706796571811 0.3582605719566345
0.9919758177322787 0.04992933200832117 0.11615093129019542 -0.01641181856393814 -0.031411075125598584 0.9872389642438244 -0.15611717342507433 -0.0736260861158371 -0.12246355128702933 0.15121603514172552 0.98088551285162 0.36536645889282227
0.9921062035219465 0.04771987717831426 0.11596591850779597 -0.01104776468127966 -0.029241374246835983 0.9873065301441815 -0.15611136270884673 -0.07554452866315842 -0.12194352367152039 0.15148804856074694 0.9809083281213541 0.3706745207309723
0.9921854817131559 0.04644509057141287 0.11580510972943284 -0.010985730215907097 -0.02808036085167201 0.9874456986016522 -0.15544286940073793 -0.07640987634658813 -0.12157081562641839 0.1509763089855764 0.981033481035698 0.3745323717594147
0.9922649098624394 0.04335468771591988 0.11632162184538143 -0.006313508842140436 -0.02513811315495425 0.9877934941808 -0.1537273174198217 -0.0770442932844162 -0.12156654113156946 0.149614116670657 0.9812426775116161 0.373386412858963
0.9922705746756312 0.043200369971528325 0.11633071248477736 -0.006301349028944969 -0.024980998057419844 0.9877948253944733 -0.1537443744010082 -0.0771307423710823 -0.12155268968208005 0.1496499614374333 0.9812389274141272 0.37377193570137024
0.9923208054976824 0.038903979354506055 0.11741336962550232 -0.0036633957643061876 -0.020724575307263966 0.9881242410985978 -0.15225300040279607 -0.07843124121427536 -0.12194224434036062 0.1486504777782582 0.9813425113086314 0.3763982951641083
0.9921930092735632 0.03533110540103001 0.11960244704775923 -0.013999552465975285 -0.017031589564974976 0.9884331699187404 -0.15069768930305644 -0.08791139721870422 -0.12354334180991293 0.14748417405108794 0.9813182262135496 0.3915710747241974
0.9921795095445561 0.03302140278654644 0.12037195602769227 -0.016447333618998528 -0.014736641995235701 0.9886160839646589 -0.14973666855211692 -0.09034338593482971 -0.12394616663143831 0.14679177594262877 0.9813712459069609 0.3985985219478607
0.9921757635857105 0.03279681425977054 0.12046419853019597 -0.016450531780719757 -0.014504060510573255 0.9886254567286986 -0.1496974900814229 -0.09054199606180191 -0.12400357406872589 0.14677900150356044 0.9813659044086461 0.3993948996067047
0.9920165255899747 0.027187959532740953 0.12314230716062294 -0.021156368777155876 -0.00884581866735599 0.9890800919853302 -0.14711330031779943 -0.09646705538034439 -0.125797314949483 0.1448495305299152 0.9814242961414619 0.41270962357521057
0.99206018123917 0.026607537021374944 0.12291719071538147 -0.02123294211924076 -0.008258035978510173 0.989036001880477 -0.14744352080053816 -0.09750202298164368 -0.12549263580578315 0.14525779138461817 0.9814029612756321 0.41662687063217163
0.9920113919877055 0.025035344423364754 0.12363911070619343 -0.021248435601592064 -0.00664885536023925 0.9891233344038557 -0.14693815726419335 -0.09915076941251755 -0.12597297682048111 0.14494226735980675 0.9813880721934544 0.4202732443809509
0.9920872457423209 0.024736387855701376 0.12308943070494743 -0.021325359120965004 -0.006357997365711757 0.9890393400387142 -0.1475152864122299 -0.10019410401582718 -0.12538928464950005 0.14556543192542978 0.9813705886786345 0.4241482615470886
0.9920208181326146 0.023419465135295203 0.12387988151542174 -0.020986171439290047 -0.004995799642573642 0.9891256585555949 -0.14698800486057395 -0.1015004962682724 -0.1259751498408694 0.14519628176967048 0.9813502439918345 0.4258507490158081
0.9919705171816935 0.023269769147646113 0.12431013991665686 -0.021037332713603973 -0.004704127382701399 0.9890358266976004 -0.14760082890743367 -0.10223308205604553 -0.1263818192140423 0.14583089985462425 0.9812038444786789 0.4285128712654114
0.9919379845417485 0.023212007073464554 0.1245802454278979 -0.02110154926776886 -0.00454968538099469 0.988970751785149 -0.1480410499707803 -0.10317496210336685 -0.12664254887749143 0.14628073981607606 0.9811032616257442 0.43195661902427673
0.991867487568529 0.022112372616109724 0.12533925993789827 -0.02005956321954727 -0.0034667704936422582 0.9891205101856407 -0.14706664418705584 -0.10308683663606644 -0.1272276251717296 0.14543610042690225 0.9811531338612631 0.4281826317310333
0.9918273070287266 0.022079694695829148 0.12566256449031715 -0.02012064680457115 -0.003306985502284131 0.9890300521424662 -0.14767741806369128 -0.10412635654211044 -0.12754472501452901 0.146054931588117 0.9810200304171973 0.4319666624069214
0.9917504148954596 0.021030036000362493 0.12644703294465778 -0.01955784298479557 -0.002223414249373983 0.989123969115551 -0.14706743402321976 -0.10460476577281952 -0.12816462454109398 0.14557304457529857 0.9810108652350995 0.4326937198638916
0.9917900830007393 0.02136734208959761 0.12607881643405716 -0.019667811691761017 -0.002433839796570558 0.988916608861642 -0.14845207018238177 -0.10666961222887039 -0.12785346176475315 0.14692643536687428 0.9808496902712222 0.44037896394729614
0.9918506555081387 0.020370279609335306 0.125766962580453 -0.018603293225169182 -0.0014812863727554776 0.988912707635139 -0.14849061407516567 -0.10594532638788223 -0.127397342824556 0.14709421601944583 0.9808838915258355 0.4387938976287842
0.9918739830221204 0.019764114317283213 0.12567967850487086 -0.01785830222070217 -0.0008812799326904999 0.9889033531367908 -0.14855767062151923 -0.10564204305410385 -0.12722116627949367 0.14723972948924116 0.9808849254170544 0.43990573287010193
0.9918385358637578 0.017864321116433608 0.12624256337181225 -0.016613474115729332 0.0008683990560513465 0.989166182655297 -0.14679751010908557 -0.10356083512306213 -0.12749731235879655 0.14570905641790619 0.9810776249711778 0.4374837577342987
0.9918730220593281 0.016874891938002422 0.12610767674085574 -0.01559486985206604 0.001828888748965615 0.9891720459551375 -0.1467491692203778 -0.1029147282242775 -0.12721856498498688 0.14578717887046141 0.9811022042581256 0.43882250785827637
0.9918486073303074 0.015789454312824816 0.12643984051489815 -0.014690619893372059 0.003068023415158284 0.9890459314455358 -0.14757619294234606 -0.10236566513776779 -0.12738495739000621 0.14676116183628327 0.9809353872744171 0.44164666533470154
0.9918180409377293 0.014681006191360823 0.12681262448058556 -0.013285848312079906 0.004380071158202878 0.9888670096312904 -0.1487375280133385 -0.1007506400346756 -0.1275844373232639 0.14807601196709347 0.9807118363886649 0.4431077241897583
0.9918254227762981 0.014687777342550511 0.12675409236530774 -0.01326579600572586 0.004627127683577711 0.9885600387251501 -0.15075688881483867 -0.10154718905687332 -0.1275183140729879 0.150111022355007 0.9804110161271737 0.4461406469345093
0.9918132139401036 0.013603751698954974 0.12697041621383867 -0.011554923839867115 0.005780431510652697 0.9885072562102666 -0.15106287112060612 -0.09928099066019058 -0.1275661995410732 0.15056009550795119 0.9803359232300343 0.44786205887794495
0.9918302305879362 0.012942750017557493 0.12690657553438411 -0.009698466397821903 0.006313469682925871 0.9886399717218859 -0.1501703912704217 -0.09701906889677048 -0.12740853108188677 0.14974475461842324 0.9804812974615192 0.4484533667564392
0.9918302305879362 0.012942750017557493 0.12690657553438411 -0.009698466397821903 0.006313469682925871 0.9886399717218859 -0.1501703912704217 -0.09701906889677048 -0.12740853108188677 0.14974475461842324 0.9804812974615192 0.4484533667564392
0.9916960065513035 0.010134762750258515 0.12820420107856398 -0.006275931838899851 0.008659310043362579 0.98936541841631 -0.1451932684097056 -0.096541628241539 -0.12831230237108918 0.14509774438603745 0.9810619744105438 0.4527600407600403
0.9917033797283596 0.00932222910247194 0.12820882450092913 -0.0065689692273736 0.009333783222319382 0.9895123922231871 -0.14414612768820517 -0.09632337838411331 -0.12820798386258075 0.1441468753782288 0.9812157719852376 0.45346346497535706
0.9916832846278458 0.007946982167635784 0.12845664040505708 -0.00437451945617795 0.010609336428372885 0.9896472426167393 -0.14312853370881104 -0.09580674022436142 -0.12826419987773854 0.14330101414683685 0.981332315973652 0.4592558443546295
0.9916717458290161 0.007172446477261741 0.12859123040068507 -0.0014260250609368086 0.011365915415113169 0.9896786182074497 -0.14285324157949447 -0.0950411707162857 -0.12828859844587806 0.14312508052233097 0.98135480170745 0.4625513553619385
0.9916717458290161 0.007172446477261741 0.12859123040068507 -0.0014260250609368086 0.011365915415113169 0.9896786182074497 -0.14285324157949447 -0.0950411707162857 -0.12828859844587806 0.14312508052233097 0.98135480170745 0.4625513553619385
0.991825714423234 0.009342271411447788 0.1272575112663945 0.0013465369120240211 0.009367415139829381 0.9892940987446361 -0.14563460345205126 -0.09393901377916336 -0.12725566290912077 0.14563621855126896 0.981119813327428 0.47130799293518066
0.9918533543038504 0.01013216549494254 0.12698134815233195 0.001414368744008243 0.008622278607844543 0.9892056502987906 -0.14627999770493405 -0.0942152813076973 -0.12709280022019084 0.1461831749529675 0.9810595799913789 0.47270435094833374
0.9919508212729549 0.012677146998270258 0.12598753160489626 0.0016375234117731452 0.006225744148595221 0.9888894951347905 -0.1485220741905235 -0.09511160850524902 -0.12647058268904557 0.14811095960813764 0.9808508221734077 0.47725141048431396
0.9919753679931177 0.014454219019360282 0.12560232819282877 0.0023097407538443804 0.004510715317077248 0.9887649209821899 -0.14941079105075375 -0.09162451326847076 -0.1263507924084649 0.14877838078035424 0.9807652474828668 0.47975873947143555
0.9919610289274904 0.014774573395131293 0.12567827604684337 0.0028795739635825157 0.004256315488110089 0.9887033437241843 -0.1498251710730983 -0.09038572013378143 -0.1264721347474627 0.149155657249765 0.9806923008991201 0.4806412160396576
0.9919407326425658 0.01526699747136286 0.12577957589664254 0.0033586728386580944 0.003840547100507522 0.9886348956348755 -0.15028736916649935 -0.08920429646968842 -0.12664451477461883 0.14955922546345404 0.9806085890691928 0.4796909689903259
0.9919407326425658 0.01526699747136286 0.12577957589664254 0.0033586728386580944 0.003840547100507522 0.9886348956348755 -0.15028736916649935 -0.08920429646968842 -0.12664451477461883 0.14955922546345404 0.9806085890691928 0.4796909689903259
0.9920106829657289 0.018125467144564388 0.12484499318218353 0.005665038712322712 0.0011695550508373804 0.9882606725339018 -0.1527726260290863 -0.11478316783905029 -0.1261484721383941 0.1516980901779298 0.9803439459768788 0.6261414885520935
0.9919568995775101 0.017395988728766562 0.12537499334684818 0.00715182488784194 0.0018599909588018926 0.9884005223846316 -0.15185831483136025 -0.1309971958398819 -0.1265624344511703 0.1508700995092665 0.9804183613436955 0.7162977457046509
0.9919010170804998 0.018353631831546008 0.12568021528173043 0.009021010249853134 0.0010264653449977342 0.988313900468875 -0.15242893593046614 -0.14418941736221313 -0.127009128347397 0.15132342296746626 0.9802907237028431 0.7836369872093201
0.9916935593224051 0.019636480767181875 0.12711527454062926 0.01078543160110712 8.627457668031191e-05 0.9881759274209446 -0.15332426103671098 -0.15373404324054718 -0.12862300321154407 0.15206164897447405 0.9799660085717294 0.8304867148399353
0.9916935593224051 0.019636480767181875 0.12711527454062926 0.01078543160110712 8.627457668031191e-05 0.9881759274209446 -0.15332426103671098 -0.15373404324054718 -0.12862300321154407 0.15206164897447405 0.9799660085717294 0.8304867148399353
0.9916935593224051 0.019636480767181875 0.12711527454062926 0.01078543160110712 8.627457668031191e-05 0.9881759274209446 -0.15332426103671098 -0.15373404324054718 -0.12862300321154407 0.15206164897447405 0.9799660085717294 0.8304867148399353
0.9915363588080185 0.02095112044006605 0.12812766958796273 0.011030307970941067 -0.0008655059696990024 0.9879380314841424 -0.15484733399918185 -0.15498743951320648 -0.12982642281582252 0.15342586646176584 0.9795946117855608 0.8370745182037354
0.9912592645694216 0.020871324414231215 0.1302668730817063 0.014135614968836308 -0.0004409693980488138 0.9879254118075982 -0.15492961708717107 -0.16462008655071259 -0.1319275405337318 0.15351797458924277 0.9792994207732062 0.8775538206100464
0.9905290976722043 0.022814575097415198 0.13539424591840338 0.027601955458521843 -0.0009787202830984758 0.9872465858635512 -0.15919554267431388 -0.18317747116088867 -0.1372994856920307 0.15755530414392985 0.9779187989627859 0.9235998392105103
0.990511468636782 0.023027666337842416 0.13548711039076158 0.028041448444128036 -0.0010166974362566285 0.9870628781995181 -0.16033041135981219 -0.1847967803478241 -0.1374263323578437 0.15867136182536684 0.9777205132915823 0.9315165877342224
0.9906138154613442 0.02181355086098466 0.13493864389400476 0.039462726563215256 0.0001642636761769161 0.9869937266116298 -0.16075869073469096 -0.19429531693458557 -0.13669031287754987 0.15927194551496682 0.9777260381811026 0.9393319487571716
0.9906661450862263 0.021735738311462673 0.13456651388830634 0.03956570476293564 0.00020504431478838257 0.9869660708212904 -0.16092834742335696 -0.1946043074131012 -0.13631047992295056 0.15945385767562767 0.9777494159218586 0.9407780170440674
0.9909713600669156 0.021479393055411515 0.13234197822723778 0.040079597383737564 0.0002179794556714642 0.9868242103237892 -0.16179595298951926 -0.19614996016025543 -0.13407354702581878 0.16036400341972312 0.977909847785119 0.9480059742927551
0.9912616924198422 0.019978340850198922 0.13038835468638793 0.051919713616371155 0.001512175936930196 0.9866782562289558 -0.16267677157149027 -0.20403726398944855 -0.13190136642539302 0.1614524220377642 0.97802614737708 0.9506608247756958
0.9912616924198422 0.019978340850198922 0.13038835468638793 0.051919713616371155 0.001512175936930196 0.9866782562289558 -0.16267677157149027 -0.20403726398944855 -0.13190136642539302 0.1614524220377642 0.97802614737708 0.9506608247756958
0.9913289843366715 0.01987916068709205 0.12989096883309462 0.052542850375175476 0.0016488900753463976 0.9865306983183703 -0.16356791383699928 -0.20563410222530365 -0.13139302103058062 0.16236378982348673 0.9779436966301341 0.9576618671417236
0.9912405199440807 0.018822577953731198 0.13072085594947774 0.06315553933382034 0.0027022070858582093 0.9866941013242142 -0.16256521303423535 -0.20905283093452454 -0.13204139388030384 0.1614944611160918 0.9780003115188509 0.9434555768966675
0.9910424383597917 0.017904837018849828 0.13234161167677722 0.07275360077619553 0.003906951564628322 0.9866604119604042 -0.1627450988496955 -0.21360312402248383 -0.13349015356703325 0.1618043518619136 0.9777523871713103 0.9427178502082825
0.9909146897559441 0.01797358300587569 0.13328551286547255 0.07341498881578445 0.004093734608540938 0.9865397946565762 -0.16347010398209041 -0.2149311900138855 -0.13442960597590095 0.16253056288861953 0.9775031954752232 0.948158323764801
0.9909146897559441 0.01797358300587569 0.13328551286547255 0.07341498881578445 0.004093734608540938 0.9865397946565762 -0.16347010398209041 -0.2149311900138855 -0.13442960597590095 0.16253056288861953 0.9775031954752232 0.948158323764801
0.9905259501870084 0.016008804088918915 0.1363893698121915 0.08667512238025665 0.0064063954773069115 0.9867136537174325 -0.16234261198029037 -0.21484725177288055 -0.13717616448608141 0.16167833422953548 0.9772629206808423 0.9397334456443787
0.9903446943846943 0.016194911591500515 0.13767756223375704 0.08763062208890915 0.006508143477665875 0.9866259752034776 -0.16287059010840785 -0.21649006009101868 -0.1384739339101792 0.16219405011383856 0.9769944010766434 0.9464339017868042
0.9903446943846943 0.016194911591500515 0.13767756223375704 0.08763062208890915 0.006508143477665875 0.9866259752034776 -0.16287059010840785 -0.21649006009101868 -0.1384739339101792 0.16219405011383856 0.9769944010766434 0.9464339017868042
0.989913710189115 0.015409913088844016 0.14083103691379606 0.09499599784612656 0.007806717212261046 0.9866229813595697 -0.16283165484487933 -0.21378423273563385 -0.14145635915712135 0.1622887156636234 0.9765513152017476 0.955365777015686
0.989913710189115 0.015409913088844016 0.14083103691379606 0.09499599784612656 0.007806717212261046 0.9866229813595697 -0.16283165484487933 -0.21378423273563385 -0.14145635915712135 0.1622887156636234 0.9765513152017476 0.955365777015686
0.9897504516858526 0.014654285048315303 0.14205384654198322 0.09694968163967133 0.008673682139646213 0.9867160036188866 -0.1622229806177715 -0.19884993135929108 -0.1425440655579564 0.16179239825188388 0.9764755036569596 0.9573609232902527
0.9891284322627361 0.012733451751022331 0.14650188973513772 0.10190580785274506 0.011093417425846002 0.9869441032639552 -0.16068065571911053 -0.1656065136194229 -0.14663519556804228 0.16055901170289935 0.9760732160968819 0.9735405445098877
0.9887431269264837 0.01143417213556421 0.1491854170594894 0.10622020810842514 0.012690764296112182 0.987073855227449 -0.15976278924706414 -0.16177524626255035 -0.14908377999373384 0.15985763677095818 0.9758173817414735 0.97938472032547
0.9887343905222742 0.011445257917151251 0.14924245732953048 0.10632959753274918 0.012697262053147133 0.9870650480296965 -0.15981667777327427 -0.16187486052513123 -0.14914115640862033 0.15991121608362172 0.9757998352304414 0.9800573587417603
0.9886691199052947 0.011612042909881073 0.14966139049584248 0.10709663480520248 0.01265063380964902 0.9870113628765912 -0.16015158761844372 -0.16257429122924805 -0.14957718011081816 0.16023024062876823 0.9756807557690901 0.9847548007965088
0.9886538320653969 0.01160519196087804 0.14976287878495503 0.10731580853462219 0.01268633974440696 0.9869979688000681 -0.1602312902289353 -0.16277377307415009 -0.1496751720436474 0.16031322186298605 0.9756520966869356 0.9860939979553223
0.9886155368676106 0.011910617227350425 0.1499915246313256 0.10840943455696106 0.012488433319522079 0.9869269680521119 -0.16068353607227334 -0.1637728065252304 -0.14994452073080183 0.16072739943372835 0.9755425894209236 0.9927722215652466
0.9885846532865973 0.012044271146575062 0.15018428286197574 0.10961170494556427 0.012519695172167783 0.9867855249018093 -0.1615474700422656 -0.16487067937850952 -0.1501453979281888 0.16158361110214264 0.975370235399962 1.0000848770141602
0.9885783178282421 0.012232299225376478 0.1502107864820099 0.11059501022100449 0.012431917667268902 0.986684883960138 -0.16216777481264033 -0.16576895117759705 -0.15019439717578467 0.1621829541605092 0.9752632118750163 1.0060425996780396
0.988982094183263 0.009450989052911817 0.1477331925831473 0.11917918920516968 0.015164882976611234 0.9862417000112813 -0.16461268323906125 -0.14113621413707733 -0.14725638766856 0.16503935277617748 0.9752320587050178 1.0107991695404053
0.9909188750681005 0.0057108805227959305 0.13433975166503956 0.12490369379520416 0.018398628905040706 0.9839415271084333 -0.1775403100310993 -0.14472773671150208 -0.1331963719032345 0.17839971153333908 0.9749011588036177 1.042412519454956
0.9910834070623096 0.004366436213495994 0.13317137260146372 0.1224929690361023 0.019937688499832525 0.9833505291691295 -0.18062177432435056 -0.12906622886657715 -0.1317428131741844 0.18166637283104003 0.9744953361403869 1.0311343669891357
0.9912005995693802 0.004663242824519654 0.13228615036979754 0.12358718365430832 0.019415046788414415 0.9834490232750411 -0.18014181795899373 -0.12961572408676147 -0.13093673041398582 0.1811250197673616 0.9747047244385184 1.0370453596115112
0.9912821724829384 0.005360548201765659 0.1316469484662767 0.1246805191040039 0.018383353892342205 0.9837713835586939 -0.1784822601568068 -0.13016517460346222 -0.13046726339267975 0.17934639504040695 0.9750964894659582 1.0429250001907349
0.9912821724829384 0.005360548201765659 0.1316469484662767 0.1246805191040039 0.018383353892342205 0.9837713835586939 -0.1784822601568068 -0.13016517460346222 -0.13046726339267975 0.17934639504040695 0.9750964894659582 1.0429250001907349
0.9911696028913957 0.00578017199831053 0.13247417829819857 0.12214607000350952 0.017668887839621096 0.9843833131331908 -0.1751493740423675 -0.12095076590776443 -0.13141776404513905 0.17594340691424673 0.9755886883604094 1.025618553161621
0.9910536017487636 0.007258742379069031 0.13326690932064655 0.12201626598834991 0.015645997576318512 0.9853162172203839 -0.17002104235168994 -0.11466025561094284 -0.1325441859179231 0.17058506013595567 0.9763876156720586 1.0226378440856934
0.9909574346163712 0.008105014729721223 0.13393159266868818 0.12305030971765518 0.014894816214761854 0.9853596708321166 -0.1698365789444404 -0.11503813415765762 -0.1333473180400299 0.1702957070329539 0.9763287688774092 1.0280553102493286
0.9908062472742301 0.008653468965834705 0.13501147298364924 0.12408441305160522 0.014636027752189435 0.9852390403312866 -0.17055738066329076 -0.1154160276055336 -0.13449448707658784 0.17096534994537013 0.9760543438067691 1.0334981679916382
0.9906441549391098 0.008242427673231141 0.13622121960630237 0.12181562930345535 0.015170426465224256 0.9853368398355312 -0.1699446092813534 -0.1082751527428627 -0.13562454219587297 0.17042116784302414 0.9759931398863312 1.0207021236419678
0.9896734577622378 0.009297562583375326 0.1430384645154739 0.1219099834561348 0.015455011259007539 0.9851554117120477 -0.17096770865122382 -0.10354374349117279 -0.14250470037132182 0.17141286446610135 0.9748384688078358 1.0194371938705444
0.9896734577622378 0.009297562583375326 0.1430384645154739 0.1219099834561348 0.015455011259007539 0.9851554117120477 -0.17096770865122382 -0.10354374349117279 -0.14250470037132182 0.17141286446610135 0.9748384688078358 1.0194371938705444
0.9883631549151667 0.010759357673958246 0.15173170475738446 0.12306108325719833 0.01569169795091812 0.9849618354288283 -0.17205799418827059 -0.09999975562095642 -0.1513011719107139 0.1724367100449253 0.9733311545447042 1.0223512649536133
