0.9999961535001077 0.00019107486467366823 -0.002767033679782065 -4.00896133214701e-05 -0.00020950563822290266 0.9999777861219978 -0.006662084503794189 6.090847818995826e-06 0.0027656992563384677 0.006662638587243931 0.9999739797388126 -0.00035248385393060744
0.9999963395234782 0.00018500160109696933 -0.002699391422536141 -0.003416592488065362 -0.00020298143691922248 0.9999777883851344 -0.006661946780910487 -0.005354730412364006 0.0026980989938726004 0.00666247032136046 0.9999741655418085 -0.0008936629164963961
0.9999953016331423 0.0008135056703804756 -0.0029554898350552853 -0.004366888199001551 -0.0008320022689232526 0.9999800438761457 -0.006262557120403445 -0.010248535312712193 0.0029503362292055565 0.0062649866708611715 0.9999760224416127 -0.0016798037104308605
0.9999895741139025 0.0017452661908074877 -0.004219681198719885 -0.004790060222148895 -0.0017735149175209899 0.9999759815722941 -0.006700068907430344 -0.029655493795871735 0.004207886444871853 0.006707482720828184 0.9999686511922345 -0.006789046339690685
0.9999866740404367 0.001835778850351679 -0.004825106999635268 -0.0017854995094239712 -0.001870498482870419 0.9999723231545041 -0.007200983294634962 -0.036766454577445984 0.00481175404306031 0.0072099126899452665 0.9999624313853158 -0.009211611934006214
0.999987136590608 0.001841757624883161 -0.004725947753394484 0.00023462111130356789 -0.0018756008525891894 0.9999725596018383 -0.0071667401787551925 -0.035431407392024994 0.00471261867313666 0.007175511981677827 0.9999631509475949 -0.00976493488997221
0.999987136590608 0.001841757624883161 -0.004725947753394484 0.00023462111130356789 -0.0018756008525891894 0.9999725596018383 -0.0071667401787551925 -0.035431407392024994 0.00471261867313666 0.007175511981677827 0.9999631509475949 -0.00976493488997221
0.999985639925289 0.0020978916633422906 -0.004931408904076502 0.0033991632517427206 -0.002134741811029204 0.9999697518308153 -0.007479191187429967 -0.0413844995200634 0.004915569205144999 0.007489611070460551 0.9999598706475189 -0.012410372495651245
0.9966797236532974 -0.05457433350302623 0.060424916889369934 0.009503241628408432 0.0584439554505821 0.9962215373659814 -0.06424136174966104 -0.052452653646469116 -0.05669067409792522 0.06755953382655112 0.9961033464753856 -0.01655084267258644
0.9923494887152211 -0.07912152252208711 0.0947748749428135 0.01184253953397274 0.08753844907415455 0.9922474805077902 -0.0882154031880717 -0.05540093034505844 -0.0870603938673076 0.09583695581418089 0.9915824553308413 -0.018041305243968964
0.9923494887152211 -0.07912152252208711 0.0947748749428135 0.01184253953397274 0.08753844907415455 0.9922474805077902 -0.0882154031880717 -0.05540093034505844 -0.0870603938673076 0.09583695581418089 0.9915824553308413 -0.018041305243968964
0.992454062907999 -0.07830816351542683 0.09435446223813045 0.013920100405812263 0.08653403767852816 0.9924869827289781 -0.08649537234199425 -0.06068357452750206 -0.08687228177305277 0.09400755629400401 0.9917740599648556 -0.020136309787631035
0.988545044633909 -0.14392667730828002 0.04542913480071025 0.021518323570489883 0.1491389749860454 0.9777211694683802 -0.14771215560506445 -0.05529693886637688 -0.023157307051006555 0.15279537405426014 0.9879864942385418 -0.021091829985380173
0.9833084690151263 -0.1800645424328119 0.0261001019459803 0.029896236956119537 0.18178676155182094 0.9662796129187535 -0.18236579444096765 -0.050301261246204376 0.007617616925907204 0.18406648314140725 0.9828842768588397 -0.02122168242931366
0.9815106085562847 -0.18864054699812294 0.032429451424912166 0.038100678473711014 0.19137422552012806 0.963980736083882 -0.1847080027117075 -0.05808590352535248 0.0035820522110839494 0.18749902529726908 0.9822582574936853 -0.025304218754172325
0.9813371251892901 -0.1894147463292072 0.03315871828436476 0.03919471800327301 0.19227111365809527 0.9637866117036941 -0.1847895720904962 -0.05912446603178978 0.003043941178078848 0.18771633113225647 0.9822185670452119 -0.025823919102549553
0.9811077812451177 -0.1903509993608179 0.034554574554176695 0.04083573445677757 0.19345321895996104 0.9635919389312556 -0.1845709275610127 -0.06068137288093567 0.0018367510205881434 0.18776866689903596 0.9822115627891209 -0.026600655168294907
0.9811077812451177 -0.1903509993608179 0.034554574554176695 0.04083573445677757 0.19345321895996104 0.9635919389312556 -0.1845709275610127 -0.06068137288093567 0.0018367510205881434 0.18776866689903596 0.9822115627891209 -0.026600655168294907
0.9797288892525272 -0.2002740675472094 -0.004647734082854495 0.06042438745498657 0.1928226485722741 0.9490602958511654 -0.24920670343406037 -0.03639056533575058 0.05432062004048181 0.2432588183540203 0.9684391656327326 -0.025852883234620094
0.979682606105992 -0.20053905094993665 -0.0024658340314407078 0.06249282509088516 0.1936248889668107 0.9489662309834638 -0.24894275411353042 -0.036917854100465775 0.052262736877837876 0.24340743928059835 0.9685150617501516 -0.02644754946231842
0.9835612970080226 -0.1774909556287542 -0.03322853740217731 0.06429392099380493 0.1613011795894758 0.9462990471684549 -0.28017859088645247 -0.030571456998586655 0.08117329912563594 0.2702130159671551 0.9593726186998429 -0.02633870206773281
0.9835686413065939 -0.17789732998597718 -0.030745208117055393 0.06776200979948044 0.16235530151102778 0.9460823071330471 -0.28030166642578874 -0.031095309183001518 0.07895241547643729 0.2707042816685233 0.959419464038939 -0.027254190295934677
0.9857086641341352 -0.15712228465600053 -0.06075374157512842 0.0700170025229454 0.13097822148280208 0.9416199816753481 -0.31015563126746415 -0.02353055216372013 0.10593929841234928 0.2977656759503954 0.9487425716587737 -0.02778463438153267
0.886492029627659 -0.4551765148715311 -0.08334399628071963 -0.033557094633579254 0.3342896777359977 0.7544748471231888 -0.5648168875109912 0.07657657563686371 0.31997233125037017 0.4728446313196838 0.820996748998652 -0.01183802168816328
0.8709671814442432 -0.4862965427822951 -0.07022706974563414 -0.04255993291735649 0.3552270269036382 0.7219680787855466 -0.5937809803049512 0.11268959939479828 0.33945534051517384 0.49221719361750704 0.8015561777586354 -0.006420321762561798
0.4541249271176655 -0.825455687168171 0.33525133719658406 -0.11829369515180588 0.4931061563250835 -0.08053040006474832 -0.8662339021648332 0.27227434515953064 0.7420356252665213 0.558692905975308 0.37046641905601707 0.11718358844518661
0.46170039681776487 -0.8264213411523139 0.3222739680246134 -0.11901973187923431 0.4930774356464468 -0.06290464457528733 -0.8677082736422312 0.25906863808631897 0.7373651646468273 0.5595272759918573 0.3784466162967895 0.12003172934055328
0.4771578711235238 -0.8266877606509122 0.29817396334161506 -0.11407028883695602 0.49318080618990123 -0.028935828846207712 -0.8694454613228262 0.2113296091556549 0.727387832198715 0.5619164210084655 0.39389957777368984 0.13278765976428986
0.4771578711235238 -0.8266877606509122 0.29817396334161506 -0.11407028883695602 0.49318080618990123 -0.028935828846207712 -0.8694454613228262 0.2113296091556549 0.727387832198715 0.5619164210084655 0.39389957777368984 0.13278765976428986
0.49984440942211766 -0.8254397514892761 0.26230665838056194 -0.10009882599115372 0.4930111245680625 0.022157949005697175 -0.8697407983692589 0.14306232333183289 0.712106450905754 0.5640551763410948 0.4180265070796679 0.1606312394142151
0.5153778842113619 -0.8213235537209403 0.24456748878177978 -0.09916952252388 0.49454847778478606 0.05198196943758954 -0.8675941896844059 0.12177935242652893 0.6998624433319531 0.5680893371262972 0.43297467068736634 0.18321262300014496
0.516161538074162 -0.8197829197225728 0.24805892675743318 -0.10081443190574646 0.49599842533798366 0.04998532496092095 -0.8668835154452945 0.12381529808044434 0.6982569932876836 0.5704887657260969 0.4324115395143362 0.18639561533927917
0.516161538074162 -0.8197829197225728 0.24805892675743318 -0.10081443190574646 0.49599842533798366 0.04998532496092095 -0.8668835154452945 0.12381529808044434 0.6982569932876836 0.5704887657260969 0.4324115395143362 0.18639561533927917
0.5165067232277272 -0.8190415393264303 0.24978342963124617 -0.10163533687591553 0.4966548994635338 0.04892454998913104 -0.8665681157573409 0.12483306229114532 0.6975347415716462 0.5716444220546132 0.43205085237090346 0.18800146877765656
0.5379593273229288 -0.8138747688631953 0.21956234366152697 -0.10708500444889069 0.4964043672451559 0.09534424355430621 -0.8628396023601337 0.10518551617860794 0.6813093763674463 0.5731643183494046 0.4553023147809199 0.2051616609096527
0.58211661480864 -0.7996860875431755 0.14711358928942664 -0.14045104384422302 0.48947753199484606 0.20017003594747074 -0.848730641829917 0.1839258074760437 0.6492703538865485 0.5660690047146877 0.5079506762131134 0.24607139825820923
0.5810511051550358 -0.800761990340279 0.14546424998736435 -0.141964390873909 0.4881508168058413 0.19988425982883667 -0.849561688592693 0.1859365552663803 0.651220694734052 0.5646472505015437 0.5070355897283203 0.24898912012577057
0.5846861226129021 -0.8001824972617416 0.13360430045418897 -0.14587558805942535 0.4846684042369557 0.21247104852797777 -0.848500201220851 0.2031145542860031 0.6505679641346425 0.5608600757884131 0.5120520475775117 0.25805726647377014
0.609448492451234 -0.7861748152512931 0.1024777776569804 -0.15444837510585785 0.4800313631365867 0.2630355533770444 -0.8368883964214479 0.20574387907981873 0.6309852814877291 0.5592329188488704 0.5376951896954482 0.29348331689834595
0.6150386844549721 -0.7827594376974376 0.09494777153513673 -0.15108554065227509 0.4794255863704277 0.2756370096081775 -0.833171858662805 0.18779410421848297 0.6260020157773207 0.5579533149196738 0.5448023261815963 0.28668493032455444
0.6277476541780342 -0.7741175730887451 0.0816998513411536 -0.15329597890377045 0.47852319269554816 0.30098719058148204 -0.8248771212479626 0.17242662608623505 0.6139612664708047 0.5569099515550588 0.5593772154213179 0.2966553270816803
0.6277476541780342 -0.7741175730887451 0.0816998513411536 -0.15329597890377045 0.47852319269554816 0.30098719058148204 -0.8248771212479626 0.17242662608623505 0.6139612664708047 0.5569099515550588 0.5593772154213179 0.2966553270816803
0.6338101337961857 -0.7698849917606516 0.07457756873861576 -0.15362833440303802 0.47772520646362265 0.3138030688898114 -0.8205524121374732 0.16602450609207153 0.6083283171171227 0.5557020185468449 0.5666850317208065 0.3040107786655426
0.633906989945002 -0.7698547759063302 0.07406451318331347 -0.1554960459470749 0.47751719097724943 0.31425607879651013 -0.8205001214263402 0.16799253225326538 0.6083907136208311 0.5554878405092735 0.5668280150330256 0.3083105981349945
0.633906989945002 -0.7698547759063302 0.07406451318331347 -0.1554960459470749 0.47751719097724943 0.31425607879651013 -0.8205001214263402 0.16799253225326538 0.6083907136208311 0.5554878405092735 0.5668280150330256 0.3083105981349945
0.633906989945002 -0.7698547759063302 0.07406451318331347 -0.1554960459470749 0.47751719097724943 0.31425607879651013 -0.8205001214263402 0.16799253225326538 0.6083907136208311 0.5554878405092735 0.5668280150330256 0.3083105981349945
0.6338955961233683 -0.7698662518767699 0.07404274060711968 -0.15586979687213898 0.4775244208633641 0.3142745706212929 -0.820488830965974 0.1683863401412964 0.6083969104906007 0.5554614734452928 0.5668472023601034 0.3091711401939392
0.6390237512353159 -0.7662577538227182 0.06706489442105695 -0.15168865025043488 0.4766729526897924 0.3260725049635 -0.81636977998994 0.15687593817710876 0.6036816557848514 0.5536477004498354 0.5736224213325952 0.3076654374599457
0.63883872672516 -0.7663424990163554 0.06785466408098684 -0.15347769856452942 0.4768193506881284 0.32517805792610555 -0.8166410089217647 0.15865986049175262 0.6037618636892595 0.5540563191993874 0.5731432692701699 0.311904639005661
0.6435945645179952 -0.7628010760010917 0.06261433521541776 -0.1512671709060669 0.47631539862340916 0.3351531848135803 -0.8128935869740497 0.1527116745710373 0.5990907089557598 0.5529980661457061 0.5790366666127408 0.31283509731292725
0.6433859423536428 -0.762839241634546 0.06427146026150249 -0.1530020385980606 0.4768017293210695 0.3336214103972961 -0.8132385046472876 0.15438829362392426 0.5989279089324129 0.5538709650694371 0.5783703951231405 0.3169780969619751
0.6427844677437209 -0.7631907688751236 0.06609068263544526 -0.1554335504770279 0.4771150853122679 0.33135300263697953 -0.8139818075429728 0.15673480927944183 0.5993240554115018 0.5547477245985382 0.5771183922366845 0.32271549105644226
0.6474566260116732 -0.7596379784803536 0.061237725985394786 -0.15235134959220886 0.47653882558540694 0.3408352451609649 -0.8103962508339648 0.1523098200559616 0.5947357944022384 0.5538785763200695 0.58267302799288 0.32507795095443726
0.6466798319325701 -0.760281366824844 0.06146086747362223 -0.15533195436000824 0.4760476189956391 0.33932990019252973 -0.811316142625001 0.1551491618156433 0.5959730358164251 0.553920086379141 0.5813679372699179 0.3321771025657654
0.6466798319325701 -0.760281366824844 0.06146086747362223 -0.15533195436000824 0.4760476189956391 0.33932990019252973 -0.811316142625001 0.1551491618156433 0.5959730358164251 0.553920086379141 0.5813679372699179 0.3321771025657654
0.6556382286947051 -0.7535836554483615 0.047436139336531735 -0.1528293639421463 0.47264635343176686 0.36059926621898936 -0.804098000115645 0.14990822970867157 0.5888496732288497 0.5496179067710691 0.5926012309258777 0.3414948284626007
0.6666689636394878 -0.7448651330322141 0.026989377776325763 -0.15565691888332367 0.46771776776517926 0.3898742314765387 -0.793245342468102 0.1537957340478897 0.580338334626112 0.5414554619019744 0.6083037071561463 0.35875654220581055
0.6771155739907697 -0.7357239168101771 0.014993921856606973 -0.15537895262241364 0.4653290530499995 0.4122981000813889 -0.7832490977057476 0.15484260022640228 0.5700731285078618 0.5373272698298204 0.6215271782074298 0.36146366596221924
0.6870441709699684 -0.7266049502781056 0.003943775797438209 -0.16207116842269897 0.4630032006623299 0.4335985853698419 -0.7730590552743756 0.1566304862499237 0.5599985208128919 0.5329516985587189 0.6343217982150302 0.3692076504230499
0.6916599273713877 -0.7222220126049896 -0.0013818022308541011 -0.16051866114139557 0.4617394321518373 0.4436696715108835 -0.7680845782708593 0.151901975274086 0.5553406537114907 0.5306152910444847 0.64034691476189 0.37895622849464417
0.6916873090694136 -0.7221956160534849 -0.001469226136815438 -0.16113585233688354 0.4616920336294138 0.4437509395782364 -0.7680661232645067 0.1524486541748047 0.5553459575394871 0.5305832599852354 0.6403688559478751 0.38049060106277466
0.7106457803398722 -0.697833083024187 -0.08950733557699142 -0.16429978609085083 0.360591419860458 0.47051049047678545 -0.8053531562453292 0.11192365735769272 0.6041162163095384 0.5400452449455072 0.5859989168962637 0.4259853661060333
0.7413963760620267 -0.6661528928195993 -0.08106625037692033 -0.16684235632419586 0.3453914945855566 0.4823673522741623 -0.8050009024392271 0.10742773860692978 0.5753573924353883 0.5688251584169726 0.5877089501801523 0.43569207191467285
0.7394654517142997 -0.6685538363072668 -0.07890889480789273 -0.16869795322418213 0.34657397009478286 0.4785560068059561 -0.8067655369453249 0.10833059251308441 0.5771285203260252 0.5692274732554413 0.5855789910144649 0.4409952461719513
0.7379626350486943 -0.6704864047906652 -0.0765449558290795 -0.16993817687034607 0.347882468207081 0.475160302581607 -0.8082081880089467 0.10893314331769943 0.5782637266733379 0.5697987959283906 0.5839010143615263 0.44456538558006287
0.7324455125243334 -0.673817238621627 -0.09743664669564506 -0.17227354645729065 0.3200276663421324 0.4670666003648579 -0.8242760967049955 0.10173897445201874 0.6009208466666598 0.5725549054544373 0.5577409939044154 0.4593050181865692
0.7324455125243334 -0.673817238621627 -0.09743664669564506 -0.17227354645729065 0.3200276663421324 0.4670666003648579 -0.8242760967049955 0.10173897445201874 0.6009208466666598 0.5725549054544373 0.5577409939044154 0.4593050181865692
0.7249028418398576 -0.6784240520701182 -0.11940132103649431 -0.17257635295391083 0.2934852498895154 0.4609853159604088 -0.83747175866782 0.09852080047130585 0.623203239713809 0.5720431312773924 0.5332770180390012 0.4702768921852112
0.7225228470052558 -0.6810766889898678 -0.11872354134719271 -0.17408691346645355 0.29574236093523815 0.4597092209356931 -0.8373791782311938 0.09911346435546875 0.6248977448382025 0.5699140074619126 0.5335736430848436 0.4750123620033264
0.7183451927665108 -0.6857067924899436 -0.11741541109410608 -0.17711232602596283 0.3011432549618234 0.4586348954218469 -0.8360423270937842 0.10030049830675125 0.6271307072853656 0.5652081275375869 0.5359541478011083 0.4845564067363739
0.7115930649308606 -0.6881724251496713 -0.1416122283064719 -0.17514625191688538 0.27384313141623057 0.4572762654587712 -0.8461136781923766 0.09466598927974701 0.6470280127772345 0.5633090894985626 0.5138459111152323 0.4856477677822113
0.703856632437651 -0.6906611576950968 -0.16605121566793246 -0.173860564827919 0.2468759345387879 0.45703475078119904 -0.8545007369943969 0.08705996721982956 0.6660616442335722 0.5604519621070443 0.49219455934745404 0.48912349343299866
0.6830412960103793 -0.6979689531433784 -0.21516023887418917 -0.23943519592285156 0.19559218304021891 0.4586255364677982 -0.8668369600064283 0.09456111490726471 0.7037032655018898 0.5500017797676304 0.4497774520520299 0.6707921028137207
0.6817015896623141 -0.6993284566838511 -0.21499454021918069 -0.2415834665298462 0.19669459439767284 0.4582180625176836 -0.8668030016775872 0.09506353735923767 0.7046943870832298 0.548612720281551 0.44992210876847105 0.6776297092437744
0.6718475646590913 -0.7014744850097567 -0.2378116833587972 -0.29027026891708374 0.1701973802874795 0.4586822054314471 -0.8721487752464159 0.10279279202222824 0.7208701003682475 0.5454761051602908 0.42755364235874815 0.7990154027938843
0.6599778034909944 -0.7052111941521724 -0.25904916626321967 -0.31999295949935913 0.14577146204400765 0.45845717786735374 -0.876679928431953 0.09977945685386658 0.7370074489126652 0.5408273178236919 0.40537122806493897 0.8687978386878967
0.659444816814929 -0.7061645730402666 -0.25780637959287 -0.3230149745941162 0.14662946465758375 0.4571781187240993 -0.8772046328275541 0.10033033043146133 0.7373142706269528 0.5406660369791613 0.4050282740588529 0.8777501583099365
0.6322871966411199 -0.7152445228644917 -0.2977216375678111 -0.3825542628765106 0.10008683679279479 0.45648050044731736 -0.8840860692331821 0.08400188386440277 0.7682418408707807 0.5291982853559826 0.36021333777604864 0.9888703227043152
0.6182147835389554 -0.7186787427774349 -0.31829443302346305 -0.4021356403827667 0.07781253558768186 0.45891959261250637 -0.8850638490085259 0.06331813335418701 0.7821481258171613 0.5223922589359613 0.3396330918572059 1.0086089372634888
0.6163785677813501 -0.7205345098127487 -0.3176593794439473 -0.40938863158226013 0.07772513574630785 0.45710227033915374 -0.8860114659100127 0.06353054940700531 0.7836046608163008 0.5214283600070997 0.3377516853063463 1.027694582939148
0.6008605138275239 -0.7246722040748683 -0.33736751409137844 -0.4434557259082794 0.056411064529555244 0.4594395809533197 -0.8864158523244496 0.023402497172355652 0.797360918732268 0.5135810238849472 0.31693863315115633 1.0586130619049072
0.5855052131012817 -0.7278044841682892 -0.3570494059030954 -0.46163541078567505 0.036447215727629434 0.46362602733548264 -0.8852810329171309 -0.0013538263738155365 0.809848903127569 0.5053232031102955 0.29798190297638 1.0685884952545166
0.5846976221502992 -0.7294024690891951 -0.35510664417660737 -0.465997576713562 0.03674497738415422 0.46108925087318897 -0.8865926400361325 -0.001972108380869031 0.8104187172621471 0.5053402228358504 0.29639966581524513 1.0789300203323364
0.5681044375685834 -0.7342402801513068 -0.3716834123527897 -0.4806435704231262 0.01868926284734107 0.4630383762895148 -0.886141170207881 -0.024531885981559753 0.8227442248166232 0.49647424211785657 0.27677656592347805 1.0922425985336304
0.5681044375685834 -0.7342402801513068 -0.3716834123527897 -0.4806435704231262 0.01868926284734107 0.4630383762895148 -0.886141170207881 -0.024531885981559753 0.8227442248166232 0.49647424211785657 0.27677656592347805 1.0922425985336304
0.5668812739179886 -0.7367568782952635 -0.36855789716913767 -0.4851227402687073 0.019721775205598813 0.4593968587510753 -0.8880121495522368 -0.025397511199116707 0.8235633994197764 0.4961288425946055 0.2749536300576497 1.1025772094726562
0.5621147874263741 -0.7451267268288673 -0.3589054565228854 -0.49587592482566833 0.023703029157039923 0.44828945609894305 -0.8935741323243943 -0.027475949376821518 0.8267195002934083 0.493784086940651 0.26965189285225666 1.1273545026779175
0.5585214580705291 -0.7509553423698232 -0.3523064782841664 -0.5030496120452881 0.027162876838022598 0.4410567708181762 -0.8970680593117365 -0.028865965083241463 0.8290452092598163 0.4914621029964207 0.2667377782048935 1.1439437866210938
0.541457288604092 -0.7592287570047409 -0.3611034466112739 -0.5149898529052734 0.014808950799336473 0.4380589506581775 -0.8988242602002238 -0.06690814346075058 0.8405978227391075 0.4813273836852551 0.24843359298005507 1.142494797706604
0.5110001290606732 -0.7680566628365686 -0.3859635096383194 -0.5225410461425781 -0.011402320866049531 0.4429175517939131 -0.8964898378630703 -0.08033056557178497 0.859505005906797 0.4625073026290936 0.2175732976169572 1.13881516456604
0.49670970904003453 -0.7719515320018708 -0.39669925281670143 -0.5271623134613037 -0.022995258095886595 0.44520508663107417 -0.8951333135030344 -0.08668474107980728 0.86761205792132 0.4537436094070999 0.20338646432776614 1.1417406797409058
0.47975535294206484 -0.7746197819146978 -0.41206673584488795 -0.5304407477378845 -0.03614887961133478 0.4517948332343372 -0.8913891895045634 -0.09651189297437668 0.876657321777603 0.4425444860453955 0.188749352434748 1.1362721920013428
0.46465010040174526 -0.7782780617286752 -0.42235475944814993 -0.5368086099624634 -0.04626985539070283 0.4549793182263153 -0.889299117546195 -0.10613109916448593 0.8842846740042324 0.432755217898264 0.17539537252463278 1.1384769678115845
0.43096757245023976 -0.7846012069875361 -0.44572177138888913 -0.5488722324371338 -0.06576538618601296 0.4653233720124269 -0.8826942128726059 -0.12419824302196503 0.8999677024627896 0.4097256465644863 0.1489396826610082 1.1343950033187866
0.43096757245023976 -0.7846012069875361 -0.44572177138888913 -0.5488722324371338 -0.06576538618601296 0.4653233720124269 -0.8826942128726059 -0.12419824302196503 0.8999677024627896 0.4097256465644863 0.1489396826610082 1.1343950033187866
0.43114790960103655 -0.7848310159981227 -0.4451424001081126 -0.5493366122245789 -0.06556462746042163 0.46479655168075873 -0.8829866619443648 -0.12437868118286133 0.899895971583734 0.40988344913283636 0.14893890846362812 1.1353718042373657
0.3954879660897445 -0.7891970257762491 -0.46984819163653246 -0.5621296763420105 -0.08235090981694498 0.4790254385140577 -0.8739296063807063 -0.14144544303417206 0.9147718821271884 0.38432106859023124 0.12445770328567146 1.1146340370178223
0.3244699144153611 -0.8015701924281569 -0.5021996627338333 -0.5833437442779541 -0.10030543952942861 0.4987734984024079 -0.8609087153073962 -0.16870561242103577 0.9405626472702903 0.32971233507727726 0.08143514387408457 1.0938868522644043
0.3242240792914279 -0.802147926508523 -0.5014353900610757 -0.5847877264022827 -0.10002034314035113 0.49802978451810115 -0.8613723147924712 -0.16936539113521576 0.940677775524495 0.32943138546733963 0.08124213748638587 1.096542477607727
0.2524669314075768 -0.8039724942456601 -0.5384131100205993 -0.5814610719680786 -0.10689616079830838 0.5298580979158141 -0.8413225343942818 -0.1703314334154129 0.9616827228105036 0.269960412967249 0.04783007503995973 1.0985352993011475
0.2524669314075768 -0.8039724942456601 -0.5384131100205993 -0.5814610719680786 -0.10689616079830838 0.5298580979158141 -0.8413225343942818 -0.1703314334154129 0.9616827228105036 0.269960412967249 0.04783007503995973 1.0985352993011475
0.21529040171230282 -0.8036711640093516 -0.5547636461326654 -0.5899617671966553 -0.10401123367399745 0.5459828226489105 -0.8313148745463066 -0.16299794614315033 0.9709952143034323 0.23667576452223044 0.033954031979270716 1.11410391330719
0.18126453325058137 -0.8009114196304223 -0.57068736352843 -0.5901420712471008 -0.09883834455539792 0.5625256664258141 -0.8208506905995401 -0.15338613092899323 0.9784549814023114 0.20519691156977754 0.02280519351436283 1.1157044172286987
0.14826707069313544 -0.7986392505735121 -0.5832599962207726 -0.5923673510551453 -0.09034591644032519 0.5763738550958544 -0.8121765784264532 -0.1492631733417511 0.9848119064728221 0.17311420105041003 0.013303468120893558 1.1222984790802002
0.10174904884944941 -0.7914775446447526 -0.6026694179907804 -0.5855494737625122 -0.07234229488360683 0.598322768079097 -0.7979827426512056 -0.14869537949562073 0.9921762562313238 0.12479247381665581 0.003621470628574097 1.0952839851379395
0.10174904884944941 -0.7914775446447526 -0.6026694179907804 -0.5855494737625122 -0.07234229488360683 0.598322768079097 -0.7979827426512056 -0.14869537949562073 0.9921762562313238 0.12479247381665581 0.003621470628574097 1.0952839851379395
0.10174904884944941 -0.7914775446447526 -0.6026694179907804 -0.5855494737625122 -0.07234229488360683 0.598322768079097 -0.7979827426512056 -0.14869537949562073 0.9921762562313238 0.12479247381665581 0.003621470628574097 1.0952839851379395
0.10010450026235967 -0.7915164796720028 -0.6028936485275522 -0.5899459719657898 -0.07127450673070512 0.5986760834720166 -0.7978138202418543 -0.1504950076341629 0.992420794682134 0.12283570118759135 0.0035152234971467244 1.1031550168991089
0.07373423338066262 -0.783824272706103 -0.6165896304224671 -0.5794379115104675 -0.057739253779896305 0.613880241545934 -0.7872847182642672 -0.15536949038505554 0.9956050629645806 0.0936512603025419 6.5603973051775455e-06 1.066547155380249
0.04911628146419303 -0.7755412387062736 -0.6293833314928738 -0.579688310623169 -0.04235762601883464 0.627959582866039 -0.7770923972120424 -0.16816990077495575 0.997894494630158 0.06482707268301446 -0.0020070461311184618 1.0501676797866821
0.05005457636060595 -0.776811960509907 -0.627740167102691 -0.5821555852890015 -0.04315751607107232 0.6262586451274782 -0.7784198983901107 -0.16931478679180145 0.9978135939101727 0.06605518459477472 -0.002178163495884511 1.0544453859329224
0.03957767573606291 -0.7738633662345562 -0.632114782285189 -0.5805241465568542 -0.035645495772162694 0.6311143252428817 -0.774870380840808 -0.17490063607692719 0.9985804956108885 0.05319961346986524 -0.0026067052324985074 1.025111198425293
0.040864969485704894 -0.7760109704313803 -0.6293941754092419 -0.5845972299575806 -0.03679599090277186 0.6283242506157936 -0.7770808781211802 -0.17685823142528534 0.9984869099404435 0.05491456872496275 -0.0028776412799014217 1.0318858623504639
0.040864969485704894 -0.7760109704313803 -0.6293941754092419 -0.5845972299575806 -0.03679599090277186 0.6283242506157936 -0.7770808781211802 -0.17685823142528534 0.9984869099404435 0.05491456872496275 -0.0028776412799014217 1.0318858623504639
0.03079565195494477 -0.7741005568677501 -0.6323131784785995 -0.5729801654815674 -0.028938022565377808 0.6316575345620143 -0.774707267218427 -0.18533897399902344 0.9991067103521404 0.04215550839542459 -0.0029486337934202522 1.0067670345306396
0.001859548459124949 -0.7648071514124406 -0.644256597349159 -0.5628945827484131 -0.0019809117449466895 0.64425362994877 -0.7648093463644988 -0.20371606945991516 0.9999963090272816 0.0026984155020047806 -0.00031699462399525924 0.9565255641937256
0.001859548459124949 -0.7648071514124406 -0.644256597349159 -0.5628945827484131 -0.0019809117449466895 0.64425362994877 -0.7648093463644988 -0.20371606945991516 0.9999963090272816 0.0026984155020047806 -0.00031699462399525924 0.9565255641937256
0.0019170132263676143 -0.7661882307762249 -0.6426133519312278 -0.5669989585876465 -0.002043218830283411 0.6426101902590065 -0.7661905563448919 -0.20611096918582916 0.9999960751508483 0.0027817971316884127 -0.0003335979865383143 0.9627802968025208
-0.006935635087668202 -0.7624381901370658 -0.6470238814653183 -0.5691993236541748 0.007704355734017454 0.6469794969927762 -0.7624684736916655 -0.20432521402835846 0.9999462684907897 -0.01027310525059022 0.0013868813416713088 0.9451797008514404
-0.006935635087668202 -0.7624381901370658 -0.6470238814653183 -0.5691993236541748 0.007704355734017454 0.6469794969927762 -0.7624684736916655 -0.20432521402835846 0.9999462684907897 -0.01027310525059022 0.0013868813416713088 0.9451797008514404
-0.006935635087668202 -0.7624381901370658 -0.6470238814653183 -0.5691993236541748 0.007704355734017454 0.6469794969927762 -0.7624684736916655 -0.20432521402835846 0.9999462684907897 -0.01027310525059022 0.0013868813416713088 0.9451797008514404
-0.015603165701001537 -0.7576316257112559 -0.6524958704407459 -0.5712912678718567 0.01803423171203472 0.6522559159973491 -0.7577842612069847 -0.20330241322517395 0.9997156134154671 -0.023591095111897775 0.003486047153677174 0.9370887875556946
-0.04040390176062228 -0.7377885172269287 -0.6738216593213725 -0.5752952098846436 0.0524398209538548 0.6718771729160921 -0.738803850621129 -0.20420978963375092 0.9978063889857819 -0.06518564537050775 0.011543038455483767 0.9339338541030884
-0.058688018656723795 -0.7220295680238125 -0.6893685656929067 -0.5695095658302307 0.08577348857110195 0.6843579086135761 -0.7240836702870708 -0.1890544891357422 0.9945846495520085 -0.10162458274157388 0.02176738519229804 0.9162692427635193
-0.059061995286578683 -0.7230246800798414 -0.6882928102982125 -0.5730845928192139 0.08550213980616855 0.6832986497175184 -0.725115397287068 -0.19094567000865936 0.9945858760314942 -0.10167727027049278 0.021463175650555222 0.9212306141853333
-0.0632445666775942 -0.7275523062941666 -0.6831308559798792 -0.5823624134063721 0.09243197600576403 0.6772888248374527 -0.7298877842257482 -0.19547109305858612 0.9937084354061976 -0.109304571525356 0.024414259075899003 0.9274290204048157
-0.0561262809385272 -0.7238832845331847 -0.6876356818559213 -0.5747902989387512 0.08008402310500318 0.6832382280583179 -0.7257906536757326 -0.18913710117340088 0.9952067070871895 -0.09580456196433568 0.01962386494793844 0.9077898263931274
-0.07772951660685809 -0.6908044505960407 -0.7188513986108442 -0.6493368744850159 0.1426433625536559 0.7059087489534706 -0.6937908252999115 -0.1580255925655365 0.9867172813767127 -0.15646740615108434 0.04366872387534482 0.7582817673683167
-0.0767883962757685 -0.6926761806097135 -0.71714939239557 -0.6570051908493042 0.14108436516995776 0.7044870283465726 -0.6955524630076478 -0.16064612567424774 0.9870150678191217 -0.154588924918168 0.04362935010585722 0.7637485861778259
-0.08143955443018536 -0.6698587040610133 -0.738008750332889 -0.6970288753509521 0.17150648206248026 0.7200043822619654 -0.6724427233111514 -0.09529310464859009 0.9818111455798232 -0.18133672026720177 0.05624827373324115 0.6522389650344849
-0.0823525394487773 -0.662249954315661 -0.7447436184723188 -0.7052626609802246 0.1818346066086961 0.7247537037100841 -0.6645812552261585 -0.08547045290470123 0.979874601714831 -0.19015011692718098 0.06073465194418293 0.6208624839782715
-0.08221975803997436 -0.6613646205867576 -0.7455445996209631 -0.7094197273254395 0.18188378849022696 0.7255562115820599 -0.6636915483258254 -0.08599326759576797 0.9798766243115968 -0.1901710347840155 0.06063644660504364 0.6217089295387268
-0.08304007403562094 -0.6551725345471849 -0.7509016553978134 -0.7179698348045349 0.19247953155462527 0.7287708756572661 -0.6571488725747414 -0.0743364542722702 0.9777811493563735 -0.19910288990559508 0.065590115067515 0.5960114002227783
-0.08376255668770638 -0.6436662147102254 -0.760708642081677 -0.7407917976379395 0.21358456819431712 0.7340530660732159 -0.6446299158569653 -0.056939370930194855 0.9733270089370715 -0.2164714767102607 0.07599100897141164 0.5586726069450378
-0.08376255668770638 -0.6436662147102254 -0.760708642081677 -0.7407917976379395 0.21358456819431712 0.7340530660732159 -0.6446299158569653 -0.056939370930194855 0.9733270089370715 -0.2164714767102607 0.07599100897141164 0.5586726069450378
-0.08369129127707223 -0.6387182803807987 -0.7648756278453197 -0.7514114379882812 0.22416248681518644 0.7358284624947977 -0.6389895564775481 -0.05083949863910675 0.9709515679317935 -0.22493428393630344 0.08159424391986692 0.5451169013977051
-0.08321573077822078 -0.6339510636568342 -0.7688830802140302 -0.7570816874504089 0.23437805301418654 0.7374650276937877 -0.6334131836280958 -0.03744974359869957 0.9685773435386177 -0.23291926029628657 0.08721552480324213 0.5255431532859802
-0.08254896665547598 -0.6293118997973062 -0.7727562363886935 -0.7617665529251099 0.24497601990884738 0.7387972298078443 -0.6278259335977411 -0.016984179615974426 0.9660084977751144 -0.24113312920824556 0.0931793766050536 0.5039608478546143
-0.07996670662843897 -0.6180608516533819 -0.7820524979082271 -0.7726435661315918 0.2652719156577167 0.7430773935218117 -0.6143832663737807 0.0022162646055221558 0.9608517765994329 -0.256586770684552 0.10453273418114861 0.46308568120002747
-0.07783994991766566 -0.6134244524000646 -0.7859079993195746 -0.7845752835273743 0.2739035397388603 0.7448072087889498 -0.6084727378071564 0.002917385194450617 0.9586019993278432 -0.26262647035989106 0.11004337304430145 0.44290828704833984
-0.07718791023186405 -0.6149335890473353 -0.7847921429113575 -0.7891932129859924 0.2714062312947777 0.7444549287659936 -0.6100209149286481 0.0032830429263412952 0.959364729458199 -0.2600837174783962 0.10943388768665063 0.4420948326587677
-0.07636762537737377 -0.6165742756884567 -0.7835841680084381 -0.7938082218170166 0.26843816797782494 0.7441485993567449 -0.6117056580154412 0.0036499451380223036 0.9602650341270009 -0.25705840704915645 0.10868320752729033 0.441293865442276
-0.07636762537737377 -0.6165742756884567 -0.7835841680084381 -0.7938082218170166 0.26843816797782494 0.7441485993567449 -0.6117056580154412 0.0036499451380223036 0.9602650341270009 -0.25705840704915645 0.10868320752729033 0.441293865442276
-0.07636762537737377 -0.6165742756884567 -0.7835841680084381 -0.7938082218170166 0.26843816797782494 0.7441485993567449 -0.6117056580154412 0.0036499451380223036 0.9602650341270009 -0.25705840704915645 0.10868320752729033 0.441293865442276
-0.06983918844133849 -0.6003468603319139 -0.7966844639174714 -0.8804912567138672 0.2981094966206189 0.7495793857858812 -0.5909834789818259 0.06708607077598572 0.9519733272431831 -0.2787730110582345 0.12661908435567293 0.355104923248291
-0.06722346686278333 -0.5952449426942816 -0.8007274590644621 -0.8977394700050354 0.3080464699399538 0.7509522793266391 -0.5841044825471369 0.07648362964391708 0.9489933497451294 -0.28592679547570704 0.13288148768173758 0.3432730734348297
-0.06721782516416894 -0.5955153407549718 -0.8005268533320349 -0.8988321423530579 0.30796386682060095 0.7507810862973274 -0.5843680494269927 0.07669675350189209 0.9490205586356402 -0.2858132946237715 0.13293133529459034 0.34295880794525146
-0.06721782516416894 -0.5955153407549718 -0.8005268533320349 -0.8988321423530579 0.30796386682060095 0.7507810862973274 -0.5843680494269927 0.07669675350189209 0.9490205586356402 -0.2858132946237715 0.13293133529459034 0.34295880794525146
-0.06727048853139556 -0.5962903815411176 -0.7999452870379927 -0.9064822196960449 0.3082910539237157 0.750104616009927 -0.5850638350737505 0.0781891793012619 0.9489105898046205 -0.28597350562971474 0.13337108620124283 0.3408440053462982
-0.05826922171641721 -0.5795407761089698 -0.8128574208479469 -0.9327349662780762 0.34013746807188416 0.7539963416683101 -0.561957311158466 0.11013683676719666 0.9385686978661771 -0.3092280801897168 0.15318875222408135 0.3157811760902405
-0.05458652792103427 -0.5736477929555809 -0.8172811759772256 -0.9404157996177673 0.35047546989013123 0.755417720233828 -0.5536343675766684 0.12489291280508041 0.9349798158114524 -0.3166579820467452 0.159813849309956 0.30737683176994324
-0.050879874100582756 -0.5697150815015768 -0.8202657888277194 -0.9465987682342529 0.36051130481418864 0.7554733476290842 -0.5470755159237856 0.14210274815559387 0.9313661135733253 -0.3235502231984343 0.1669503385907416 0.3027435541152954
-0.051013695250592794 -0.5710417778253318 -0.8193344194374874 -0.9517455697059631 0.36094424364020766 0.7544055290203964 -0.5482623010625977 0.14360056817531586 0.9311910952537501 -0.32370292825604846 0.16762922883131504 0.301199734210968
-0.05200847630873376 -0.5781289682502825 -0.8142861993561649 -0.9660423994064331 0.36356682801147056 0.7484729150578245 -0.5546237075662386 0.14775867760181427 0.9301151971458813 -0.32489258454865755 0.17126157929778563 0.2971011996269226
-0.05284123939194904 -0.5840139482665541 -0.8100219204747695 -0.9831988215446472 0.3669734767361681 0.7430410677245062 -0.5596610036861553 0.15274333953857422 0.9287293851234019 -0.3268297414632525 0.1750544181201138 0.2921350300312042
-0.05308460819720212 -0.5856344657780721 -0.8088351481392121 -0.988919734954834 0.36816582653622715 0.7414397034052294 -0.5610000805572688 0.15440435707569122 0.9282434748186738 -0.3275659303212064 0.1762515609841695 0.2904200851917267
-0.05301249398956975 -0.5857099809680668 -0.808785196251386 -0.9946413636207581 0.3683520655478461 0.7413392459769617 -0.5610105865141453 0.1560647189617157 0.9281737074964155 -0.32765826796938413 0.17644723897999115 0.2886703908443451
-0.052758244772305146 -0.5868971036105818 -0.807940813043911 -1.0118112564086914 0.36802347494959403 0.7406927403343301 -0.5620791637323397 0.16104814410209656 0.928318528035809 -0.3269954956716236 0.17691426261299015 0.28324955701828003
-0.05271354467573125 -0.587445314411682 -0.8075452215099043 -1.0175342559814453 0.36789024530797104 0.7403689531346413 -0.5625927307045091 0.1627097725868225 0.9283738738326069 -0.326744266682792 0.1770879289363444 0.2813951075077057
-0.0525948799689292 -0.587578525147398 -0.807456039290476 -1.0232584476470947 0.3678553548119714 0.7403175081574335 -0.5626832368675355 0.1643715649843216 0.9283944293979863 -0.32662128513184374 0.177206996367554 0.27951571345329285
-0.0525948799689292 -0.587578525147398 -0.807456039290476 -1.0232584476470947 0.3678553548119714 0.7403175081574335 -0.5626832368675355 0.1643715649843216 0.9283944293979863 -0.32662128513184374 0.177206996367554 0.27951571345329285
-0.05251245561503193 -0.5882553070069564 -0.806968485000146 -1.0289843082427979 0.36755061400797806 0.7399728138081703 -0.5633354071662613 0.16603350639343262 0.9285197833905521 -0.32618388771208573 0.1773558097424267 0.27760088443756104
-0.05251245561503193 -0.5882553070069564 -0.806968485000146 -1.0289843082427979 0.36755061400797806 0.7399728138081703 -0.5633354071662613 0.16603350639343262 0.9285197833905521 -0.32618388771208573 0.1773558097424267 0.27760088443756104
-0.0522905207381997 -0.5886480617267915 -0.8066964490229388 -1.0347111225128174 0.367402579331559 0.7398049096943898 -0.5636524108815583 0.16769561171531677 0.9285908927732626 -0.32585603418897574 0.17758603222434965 0.27565377950668335
-0.0522905207381997 -0.5886480617267915 -0.8066964490229388 -1.0347111225128174 0.367402579331559 0.7398049096943898 -0.5636524108815583 0.16769561171531677 0.9285908927732626 -0.32585603418897574 0.17758603222434965 0.27565377950668335
-0.051055538315083665 -0.588331027069979 -0.8070067748130377 -1.0461657047271729 0.36621914493766106 0.740742275549702 -0.563191281088919 0.1710204929113388 0.9291269395989364 -0.32429536506128653 0.17763909004293343 0.2716658413410187
-0.051055538315083665 -0.588331027069979 -0.8070067748130377 -1.0461657047271729 0.36621914493766106 0.740742275549702 -0.563191281088919 0.1710204929113388 0.9291269395989364 -0.32429536506128653 0.17763909004293343 0.2716658413410187
