0.9999824669647096 -0.005893939849625358 -0.0005720456472646066 -0.006836479529738426 0.00589115151354221 0.9999713208243036 -0.004759397308698519 0.00033811674802564085 0.0006000808429249203 0.004755943854436847 0.9999885103845121 0.00486388523131609
0.9999824669647096 -0.005893939849625358 -0.0005720456472646066 -0.006836479529738426 0.00589115151354221 0.9999713208243036 -0.004759397308698519 0.00033811674802564085 0.0006000808429249203 0.004755943854436847 0.9999885103845121 0.00486388523131609
0.9999587090149961 -0.009022571257451473 -0.001083269572425224 -0.006882457993924618 0.009016892521410337 0.9999461499477594 -0.005137397581475615 0.0003533805429469794 0.0011295637740588809 0.0051274177279628476 0.9999862167415725 0.004615116864442825
0.9999476898905474 -0.01013627246340681 -0.0013687450841093623 -0.011564910411834717 0.01012904386185534 0.9999352378402596 -0.005188698853086767 0.0009938355069607496 0.0014212505065270351 0.0051745633526892034 0.9999856018669002 0.009969658218324184
0.9999129776088757 -0.013040093807853714 -0.0019982899776272993 -0.014203670434653759 0.013030017071638457 0.9999027275296358 -0.0049753526415398566 0.0013609607703983784 0.0020629746641975043 0.004948881921933735 0.9999856262483264 0.013109794817864895
0.9999129776088757 -0.013040093807853714 -0.0019982899776272993 -0.014203670434653759 0.013030017071638457 0.9999027275296358 -0.0049753526415398566 0.0013609607703983784 0.0020629746641975043 0.004948881921933735 0.9999856262483264 0.013109794817864895
0.9999024862089296 -0.013794850516124006 -0.0021725957836480478 -0.015271018259227276 0.013784398486060414 0.9998936868525815 -0.004754508463470767 0.005295529030263424 0.002237952541683446 0.004724096907294878 0.9999863371450791 0.014336349442601204
0.9998930330008629 -0.014436137894354363 -0.0023495699671335643 -0.01753748022019863 0.014424618809243284 0.9998842074844112 -0.004847885670977673 0.007375291083008051 0.002419282650558817 0.004813475456053742 0.9999854886574557 0.01858971081674099
0.9998860827006415 -0.014901294988243744 -0.002402712891537914 -0.020232317969202995 0.014889821676332222 0.9998779794214152 -0.004724349541998784 0.012147451750934124 0.0024728186372736135 0.0046880353903633095 0.9999859536474329 0.025746386498212814
0.9998821909281014 -0.015109451834832886 -0.0027034663065548243 -0.02500040829181671 0.015097700946514699 0.9998767105197471 -0.0043154589952131735 0.014956379309296608 0.002768337217432378 0.004274134469178787 0.9999870339577359 0.03129785507917404
0.9998816864875374 -0.015056057353329703 -0.0031508988893938494 -0.03524823859333992 0.015044717660940822 0.9998803692887539 -0.003592155548917292 0.017703311517834663 0.0032046056450852267 0.003544326164207885 0.9999885840621888 0.0384613461792469
0.9998831549656859 -0.014974910466363517 -0.0030705817674600974 -0.045577552169561386 0.014964561893814477 0.999882359190163 -0.0033659571655271303 0.016262810677289963 0.0031206254489216856 0.00331961395923745 0.9999896208761215 0.04244592785835266
0.9994812392863577 0.01705784988469494 0.027318163772805795 -0.05741404742002487 -0.01609798682222256 0.9992583850692592 -0.0349790607227739 0.015118230134248734 -0.027894571781588166 0.034521147519848874 0.999014606118967 0.04550599679350853
0.9971881853748569 0.05080709435373901 0.05508504435988443 -0.07117823511362076 -0.04701442554563673 0.9965709381204354 -0.0680882448324896 0.014406716451048851 -0.058355520213720605 0.06530700159313338 0.9961574317363198 0.050958067178726196
0.9930626343163469 0.08557344808730896 0.08064607434417496 -0.07596322894096375 -0.07715718462532181 0.9917613335570928 -0.10225568992359775 0.01313529908657074 -0.08873203021103236 0.09532388076188257 0.9914837288483976 0.05234898254275322
0.9930599021302867 0.08586733727770406 0.08036685367626628 -0.08137277513742447 -0.07746637788352072 0.9917243799118644 -0.1023802450965794 0.0139402374625206 -0.08849288716384471 0.09544398711948866 0.9914935472529016 0.05569282919168472
0.9873007080040597 0.12139840132307302 0.10246823962030685 -0.09540342539548874 -0.10637154014590965 0.9842532165075331 -0.1411761355242536 0.015377053990960121 -0.11799325159376553 0.12848359409192048 0.9846672324331469 0.06445671617984772
0.9798198672470645 0.1580500875979944 0.12236501770608729 -0.0993141457438469 -0.13480889203893945 0.9745220641347124 -0.17925766131982443 0.014578091911971569 -0.1475790987070267 0.1591443254561268 0.9761626367055523 0.06700143218040466
0.9709348027915479 0.19507340280819818 0.13867940093960798 -0.10595779120922089 -0.16226822502137395 0.9624290401158156 -0.21771395428442886 0.013666869141161442 -0.1759392846312353 0.18888279503062233 0.966110065088274 0.07165441662073135
0.9709348027915479 0.19507340280819818 0.13867940093960798 -0.10595779120922089 -0.16226822502137395 0.9624290401158156 -0.21771395428442886 0.013666869141161442 -0.1759392846312353 0.18888279503062233 0.966110065088274 0.07165441662073135
0.9349638799556529 0.3103589184328744 0.17181351788333743 -0.12095880508422852 -0.24112069138735243 0.9112395156647667 -0.3339211842275459 0.01347469724714756 -0.2601986843993579 0.2707764517830491 0.9268099901256057 0.08784182369709015
0.8509506701555225 0.4965725523226682 0.17116850540218592 -0.15425795316696167 -0.3528961962183435 0.7818884362546027 -0.5139209549589864 0.022091591730713844 -0.38903371532103953 0.37691666656050515 0.8405870536788117 0.10813582688570023
0.8511148362640453 0.49658992048437467 0.17029969572653347 -0.16024698317050934 -0.3531007345715438 0.7815549295148319 -0.5142876271077328 0.0228713545948267 -0.3884886185414749 0.377584881880073 0.8405392615692309 0.11197806894779205
0.8151297732870977 0.5583661313687219 0.15424239378735008 -0.15733665227890015 -0.384944709011292 0.7210910050337733 -0.576060182154256 0.027650630101561546 -0.4328752980999685 0.4101890122854463 0.8027228354140385 0.11565133929252625
0.8153783161849971 0.557983308737998 0.1543140585465726 -0.1627465933561325 -0.38421096022533047 0.7209448994029639 -0.5767325117136884 0.028555583208799362 -0.4330590485581019 0.41096603167980483 0.8022261409772841 0.11941453069448471
0.8227347536996046 0.5456028188880476 0.15945246651045294 -0.15755699574947357 -0.3765559684727159 0.7332763777597506 -0.566137224025337 0.032117731869220734 -0.4258087923733208 0.40573799161645663 0.8087419579177392 0.12320730835199356
0.8266462887309062 0.5387778078866159 0.16240193058061905 -0.15551982820034027 -0.37208799423768346 0.7398479491326942 -0.5605136365052361 0.03457718715071678 -0.4221450436421078 0.4029187087900476 0.8120653152520207 0.12754946947097778
0.7907457273227455 0.5950117273876483 0.14381320868400474 -0.16238266229629517 -0.39768409304654145 0.6779381651143555 -0.6182614385671572 0.03893711417913437 -0.4653692693534588 0.4316953654517823 0.7727034066114115 0.14338822662830353
0.7913370057529785 0.5938985375509217 0.14515602095947294 -0.1652003824710846 -0.39627773410129963 0.6790510051619746 -0.6179431121422518 0.0396125391125679 -0.46556385252879134 0.43147915301134593 0.7727069559251821 0.1459236592054367
0.7288978595082254 0.677301440950487 0.0998532347534184 -0.17244121432304382 -0.4313391158191878 0.5675864646012054 -0.701278954743279 0.04264456033706665 -0.5316525910485612 0.46809012304031633 0.7058591638163048 0.15860362350940704
0.7079464970918368 0.7014934678942415 0.08196750427522287 -0.17888888716697693 -0.4401771197568281 0.5290029103041449 -0.7255343025194108 0.043723613023757935 -0.5523186222625314 0.4775592480430628 0.6832871315271227 0.16514474153518677
0.6430192603444882 0.7656745694323065 0.016391600003638873 -0.20394328236579895 -0.46164873635996784 0.40459600397795803 -0.789419101480521 0.047468263655900955 -0.6110701064880135 0.5000445253072172 0.613635720657629 0.1868647038936615
0.6440352921555417 0.764791734388881 0.017667639020914228 -0.20891818404197693 -0.46049381455216976 0.406019613195546 -0.7893627305996471 0.04862401261925697 -0.6108714997585973 0.5002416183315683 0.6136728233119793 0.19153112173080444
0.6440352921555417 0.764791734388881 0.017667639020914228 -0.20891818404197693 -0.46049381455216976 0.406019613195546 -0.7893627305996471 0.04862401261925697 -0.6108714997585973 0.5002416183315683 0.6136728233119793 0.19153112173080444
0.6449481898626811 0.7640025314440497 0.018492277846030802 -0.21389268338680267 -0.4595298789905453 0.40702856974534907 -0.789404860465142 0.04977976158261299 -0.6106341971326089 0.5006274816249496 0.6135943301026133 0.1961769461631775
0.6454883439724487 0.7635230836589773 0.019424173485434626 -0.21886806190013885 -0.4588012374679317 0.4079553510911904 -0.7893502746018135 0.050936050713062286 -0.6106113512649436 0.5006045667350132 0.6136357596086212 0.20081040263175964
0.6463922669695834 0.7627546076279139 0.01955622009259761 -0.22583244740962982 -0.457979703624777 0.4083574279046129 -0.7896194033475181 0.052555330097675323 -0.6102717659122733 0.5014475242909433 0.6132852126969959 0.20732665061950684
0.646537034852643 0.7626338094322581 0.019481665092966838 -0.22732484340667725 -0.4578652515869751 0.4083367927517101 -0.789696444891607 0.05290234088897705 -0.6102042887043226 0.5016480204247687 0.613188380231363 0.2087332159280777
0.624006530385735 0.781384355141107 -0.007371538284050183 -0.23438923060894012 -0.46423943176292953 0.3631161888087553 -0.8078541845045037 0.055730514228343964 -0.6285678961197343 0.5075284454744589 0.5893363021245934 0.20831425487995148
0.6240439018060232 0.7813536930005741 -0.0074575500721887344 -0.23933205008506775 -0.46413313359514674 0.3629776391890588 -0.807977516857918 0.05690823122859001 -0.6286092927390305 0.5076747382755047 0.5891661202063758 0.21287229657173157
0.6241024203922203 0.7813018929940582 -0.007969997771250792 -0.24427653849124908 -0.4639913929178424 0.36238977986469983 -0.8083227293276953 0.05808496102690697 -0.6286558328360063 0.508174182198895 0.5886856923586231 0.2174542397260666
0.6013972680553772 0.7980671314034389 -0.03755236009913293 -0.25372910499572754 -0.4697594290907155 0.3151941003961059 -0.8246082450811745 0.05525093153119087 -0.6462564543243601 0.5135577210489348 0.5644564309095349 0.218142569065094
0.5784427096956486 0.8129360664974771 -0.06737197776201442 -0.26160928606987 -0.4745627629727617 0.26819429603752354 -0.8383686561248553 0.05479981005191803 -0.6634713374363765 0.5169204690864417 0.5409242211621134 0.21720291674137115
0.5783828758790021 0.8129425579266398 -0.06780594665386591 -0.2645953595638275 -0.47452988226035875 0.26767078491144847 -0.8385545550212339 0.055415596812963486 -0.6635470139574928 0.5171815429968294 0.5405817346632364 0.219818577170372
0.5783828758790021 0.8129425579266398 -0.06780594665386591 -0.2645953595638275 -0.47452988226035875 0.26767078491144847 -0.8385545550212339 0.055415596812963486 -0.6635470139574928 0.5171815429968294 0.5405817346632364 0.219818577170372
0.5559467627086632 0.8250144228281739 -0.10136271089139431 -0.281741201877594 -0.47834800917030873 0.21781914782207273 -0.8507279241713347 0.057031143456697464 -0.6797840680367258 0.5214460863479186 0.5157398567842895 0.22905990481376648
0.5102364137946259 0.8440321515688552 -0.16513185385033413 -0.2977091670036316 -0.4820174714573012 0.12163236427221569 -0.8676777772718745 0.05108585208654404 -0.7122625634187921 0.5223172360544879 0.4688995048755023 0.23044899106025696
0.5102364137946259 0.8440321515688552 -0.16513185385033413 -0.2977091670036316 -0.4820174714573012 0.12163236427221569 -0.8676777772718745 0.05108585208654404 -0.7122625634187921 0.5223172360544879 0.4688995048755023 0.23044899106025696
0.5104017696983848 0.8437156852762318 -0.16623440049404847 -0.3028477728366852 -0.48237159770268195 0.1208706250588345 -0.8675874213747274 0.05192762240767479 -0.7119042598682206 0.5230049085971809 0.4686770640480881 0.23455117642879486
0.46579363512431854 0.8541648494448423 -0.2311681194510682 -0.31645524501800537 -0.48237264097837407 0.02608450285810232 -0.8755776572904282 0.04610327631235123 -0.7418577523442227 0.5193476761125594 0.42417574966428984 0.24079467356204987
0.4660078605942906 0.8536607131082941 -0.23259419760555317 -0.3248724341392517 -0.4829537773929397 0.025155396879218805 -0.8752844422870432 0.047240301966667175 -0.7413449418227815 0.5202216766949337 0.4240012786896862 0.24728021025657654
0.443865927344179 0.8558634623022026 -0.2654821508858526 -0.33063098788261414 -0.4812626190527389 -0.022228418129713268 -0.8762945788545935 0.04352780058979988 -0.755889760511009 0.5167239411170508 0.4020286539925636 0.24883073568344116
0.4437673590837176 0.8556953810909739 -0.2661878017329794 -0.33589985966682434 -0.48117393110210316 -0.023065275834497634 -0.8763216538910968 0.044159192591905594 -0.7560040866553642 0.5169655770264127 0.40150269380184356 0.25284963846206665
0.42173728404357014 0.8558627602278637 -0.2993937188764912 -0.5328928232192993 -0.47821928398756364 -0.07057943284618884 -0.875399828696312 0.045678187161684036 -0.7703531525670386 0.5123645960780787 0.37952409806990145 0.40852266550064087
0.42144924828061314 0.8556701314480433 -0.30034839315600603 -0.5467638969421387 -0.4782391126012908 -0.07168780262856578 -0.8752989261575833 0.046711597591638565 -0.7704984635299648 0.5125324234640934 0.3790021538144438 0.4194152057170868
0.42165353538318684 0.8551053576925147 -0.30166723942850704 -0.5589008331298828 -0.478138853625673 -0.07300134885207132 -0.8752451312171384 0.047615036368370056 -0.7704489163808247 0.5132890319413955 0.3780778186250527 0.4290223717689514
0.4001092579421438 0.8534566175514093 -0.33395266680578334 -0.6830189228057861 -0.47439345875660344 -0.11890420126701151 -0.8722457435895007 0.0339297279715538 -0.7841322771050392 0.5074185578777758 0.3572995649637774 0.5366755723953247
0.3999557970187131 0.8532923661497924 -0.3345556729478885 -0.6948858499526978 -0.4744941787583444 -0.11952675219153563 -0.8721058593055017 0.034381233155727386 -0.7841496252346043 0.5075485133275751 0.35707684307918647 0.5463079214096069
0.40014545503066434 0.8528356349051553 -0.3354921677986287 -0.7045959830284119 -0.47442731035441077 -0.12043919965857153 -0.8720167007434448 0.03475145995616913 -0.7840933248078206 0.5081001663269985 0.3564153180915408 0.5542236566543579
0.35846243473648265 0.8429400296762087 -0.4011942039116032 -0.8019927740097046 -0.4641437566634975 -0.21194885054989132 -0.8600280564614595 -0.010986894369125366 -0.809984725802338 0.49449953601601265 0.3152696510082428 0.6727802753448486
0.33824859641009486 0.8353049345678136 -0.433420757824613 -0.8185805082321167 -0.4579166122706049 -0.2562690691467929 -0.8512570354512494 -0.038760896772146225 -0.8221315364546076 0.4864070625364087 0.2958173529079878 0.7049261331558228
0.3382129238654923 0.8351112255709259 -0.4338216903933931 -0.8306715488433838 -0.4578663205547486 -0.25672051147847885 -0.8511480549750934 -0.03954483941197395 -0.8221742215808101 0.4865016134728173 0.29554310930274535 0.7158523797988892
0.3382129238654923 0.8351112255709259 -0.4338216903933931 -0.8306715488433838 -0.4578663205547486 -0.25672051147847885 -0.8511480549750934 -0.03954483941197395 -0.8221742215808101 0.4865016134728173 0.29554310930274535 0.7158523797988892
0.3382129238654923 0.8351112255709259 -0.4338216903933931 -0.8306715488433838 -0.4578663205547486 -0.25672051147847885 -0.8511480549750934 -0.03954483941197395 -0.8221742215808101 0.4865016134728173 0.29554310930274535 0.7158523797988892
0.3384494457398709 0.8348358932681392 -0.4341670231484217 -0.8427638411521912 -0.4582139500932003 -0.25677997487443327 -0.8509430183293539 -0.04032865911722183 -0.8218831721226322 0.48694257958682685 0.2956264121606297 0.7267881631851196
0.3384494457398709 0.8348358932681392 -0.4341670231484217 -0.8427638411521912 -0.4582139500932003 -0.25677997487443327 -0.8509430183293539 -0.04032865911722183 -0.8218831721226322 0.48694257958682685 0.2956264121606297 0.7267881631851196
0.31875853081027006 0.8251548224539078 -0.4663823731839979 -0.8464815020561218 -0.4511854566376836 -0.300631514102794 -0.840269228549342 -0.06996066868305206 -0.8335614450982741 0.47826792879025604 0.27646899561497956 0.7475488185882568
0.31875853081027006 0.8251548224539078 -0.4663823731839979 -0.8464815020561218 -0.4511854566376836 -0.300631514102794 -0.840269228549342 -0.06996066868305206 -0.8335614450982741 0.47826792879025604 0.27646899561497956 0.7475488185882568
0.29950722185051515 0.8136549419610877 -0.49825802500480165 -0.8516643047332764 -0.44328113362552485 -0.3437732876604339 -0.8278416293366786 -0.10149431973695755 -0.8448652322300025 0.4688129286969762 0.25771530271892673 0.7669293284416199
0.29949057179749694 0.8136034744989902 -0.498352068007728 -0.8540356159210205 -0.4432179925162824 -0.3439091740084106 -0.8278189966065584 -0.10183494538068771 -0.8449042599692849 0.46880258778725137 0.2576061435015311 0.7691546678543091
0.28175199599478806 0.7990668033934034 -0.531138453199918 -0.8694978356361389 -0.43561351582646735 -0.3866951242713731 -0.8128393111150889 -0.13700488209724426 -0.854901560170677 0.4603901873187528 0.23913217650150456 0.7929458618164062
0.28243497567131337 0.7981420233951669 -0.5321651952243902 -0.8812308311462402 -0.4365036464258375 -0.38706509982343096 -0.8121854315091012 -0.13919022679328918 -0.854221898088835 0.46168162080523223 0.23907118152584134 0.8040293455123901
0.19825660090696917 0.708508486755265 -0.6772813627973088 -0.9074221253395081 -0.38816083589249073 -0.5777480060444043 -0.7180100326534157 -0.2796822190284729 -0.9000141585975513 0.4052443284087769 0.1604728905967041 0.8865307569503784
0.19825660090696917 0.708508486755265 -0.6772813627973088 -0.9074221253395081 -0.38816083589249073 -0.5777480060444043 -0.7180100326534157 -0.2796822190284729 -0.9000141585975513 0.4052443284087769 0.1604728905967041 0.8865307569503784
0.20020352692133392 0.7065472236967322 -0.6787558975763663 -0.9306253790855408 -0.3920660024301684 -0.5771195317346083 -0.7163918591307789 -0.2879520058631897 -0.8978879649191684 0.4095412882443802 0.1614717798144544 0.9100062251091003
0.18541411710039057 0.6841007729035913 -0.7054273440210492 -0.933117687702179 -0.38182445695935713 -0.6113105887175292 -0.6931878880862823 -0.330699622631073 -0.9054455749781842 0.3978762328093211 0.14786079303820948 0.9269357323646545
0.17059275438617016 0.6616169500659943 -0.7301788298330152 -0.9291158318519592 -0.3696446985211747 -0.6439493255189179 -0.6698448051742438 -0.36060068011283875 -0.9133788419960962 0.3841774037461108 0.13471010891825486 0.9338300824165344
0.1712498629899889 0.6606583864066702 -0.7308925919014674 -0.940531313419342 -0.37107516520592054 -0.6439706572933835 -0.6690328947910755 -0.3657168745994568 -0.9126755755433081 0.3857878808563879 0.13487403304946705 0.9456894993782043
0.17200274071601784 0.6588967826066965 -0.7323046408815952 -0.9633631110191345 -0.3724272710748617 -0.6447152985744701 -0.6675628146802093 -0.3759481608867645 -0.9119829959741079 0.38755285272408413 0.13449833232986372 0.9694149494171143
0.17200274071601784 0.6588967826066965 -0.7323046408815952 -0.9633631110191345 -0.3724272710748617 -0.6447152985744701 -0.6675628146802093 -0.3759481608867645 -0.9119829959741079 0.38755285272408413 0.13449833232986372 0.9694149494171143
0.1442716990168066 0.6088032939085573 -0.7800924472066726 -0.9458983540534973 -0.3470466881931715 -0.7071360016961469 -0.6160497312062879 -0.46477359533309937 -0.9266845596409579 0.3596070416875605 0.10926345451140376 0.986322283744812
0.1310019740290691 0.5808892281311027 -0.8033717616656308 -0.959644615650177 -0.33346766862732713 -0.7373176725465974 -0.5875048627294283 -0.5206107497215271 -0.9336154437351294 0.344862805172899 0.09711770604548302 1.0158569812774658
0.11268843086278801 0.545184548710546 -0.8307076052360188 -0.9517070055007935 -0.28387749318676986 -0.7835222935632485 -0.5527263195754137 -0.612946629524231 -0.9522157772331218 0.29810505419510314 0.06647172520445477 1.0363954305648804
0.11181752140417367 0.5419533745743611 -0.8329366012455507 -0.9623560905456543 -0.28323115563240386 -0.7860454408643761 -0.5494658109249945 -0.6209667325019836 -0.9525108683821725 0.2973535012132713 0.06560442767107179 1.0486000776290894
0.1208942943701512 0.6152673167681683 -0.7789933879729928 -0.9692360162734985 -0.20251556272759155 -0.7529576921592199 -0.626132702125826 -0.7809503674507141 -0.9717880511931961 0.23345415553200152 0.03357291799903444 1.1087254285812378
0.11274839514274182 0.6629717521705035 -0.7401055703186598 -0.9482760429382324 -0.14756765078203238 -0.7254222365083284 -0.6722993137151986 -0.9005029797554016 -0.9826044920696263 0.18501630901957622 0.01604299103547646 1.1480289697647095
0.15411445830232973 0.7313771254527868 -0.6643314188766013 -0.8631667494773865 -0.17672492049994787 -0.641117432604198 -0.7468177422137807 -1.0580568313598633 -0.9721198672059258 0.23249932897843079 0.030447098517147705 1.2233744859695435
0.15411445830232973 0.7313771254527868 -0.6643314188766013 -0.8631667494773865 -0.17672492049994787 -0.641117432604198 -0.7468177422137807 -1.0580568313598633 -0.9721198672059258 0.23249932897843079 0.030447098517147705 1.2233744859695435
0.18224056738150574 0.7593996957750095 -0.6245802411678498 -0.7627452611923218 -0.20208102754093576 -0.5927297929546366 -0.7796375124709898 -1.1431846618652344 -0.9622638068162317 0.26829739954158344 0.04544085706451277 1.2455486059188843
0.20045132125880227 0.7669292679187573 -0.6096218219644038 -0.696073055267334 -0.223097651659249 -0.5701696674673332 -0.7906541520312901 -1.2414188385009766 -0.9539636815045573 0.29449286631392113 0.05680885547590318 1.2906534671783447
0.2099092617179732 0.7745219438018991 -0.5967024890297873 -0.6413318514823914 -0.2316835260115832 -0.5535141856059133 -0.7999654930732095 -1.2695214748382568 -0.9498741209338507 0.3061663026891611 0.06325622086240651 1.2885981798171997
0.2089863904878293 0.7715976779060087 -0.6008008921772038 -0.6515365242958069 -0.23252287509511455 -0.5575398768826899 -0.7969205721043578 -1.2984492778778076 -0.9498725183667388 0.3062455046783391 0.06289586406067704 1.3148020505905151
0.21757837201209784 0.7794253961315448 -0.5874995352319434 -0.5881251692771912 -0.2390860968545082 -0.5410215622418211 -0.8063085684031244 -1.3141592741012573 -0.946307291699394 0.315898276435 0.06863518501435271 1.2986423969268799
0.21648070326578206 0.7777184937606341 -0.5901610369858745 -0.5966609120368958 -0.23857757838840937 -0.5440259635476801 -0.8044355102034846 -1.3431155681610107 -0.9466873001175597 0.31494395604410097 0.06777507172564691 1.324257254600525
0.21648070326578206 0.7777184937606341 -0.5901610369858745 -0.5966609120368958 -0.23857757838840937 -0.5440259635476801 -0.8044355102034846 -1.3431155681610107 -0.9466873001175597 0.31494395604410097 0.06777507172564691 1.324257254600525
0.2261211406003797 0.7853823106665678 -0.5762324668617915 -0.5222346186637878 -0.2457918700420682 -0.5264099371447055 -0.8139280893890627 -1.3368998765945435 -0.9425792202222614 0.3256796035482564 0.07400817142616144 1.2902390956878662
0.22833260708752656 0.7831016504729575 -0.5784600466472539 -0.5285465121269226 -0.24796184712715963 -0.5277859500376053 -0.8123773220075692 -1.3639379739761353 -0.9414771069494471 0.32892825352868743 0.07366858978334828 1.3134335279464722
0.22848020910348132 0.782962828509014 -0.5785896673992668 -0.5288786888122559 -0.2481110681150635 -0.5278562863325549 -0.812286057284013 -1.3653614521026611 -0.9414019821132904 0.32914578859886523 0.07365702899791317 1.3146517276763916
0.2404932802003934 0.7890859945192665 -0.5652488615043781 -0.47679778933525085 -0.25715974910343564 -0.5097338753669722 -0.8209995369940393 -1.3573534488677979 -0.935965728870194 0.34280412710016933 0.08033358465534744 1.2923551797866821
0.25088243861527126 0.7960808577562324 -0.5507388400217983 -0.45329323410987854 -0.26441847924107126 -0.49094061362004715 -0.8300964894120506 -1.3530279397964478 -0.9312039893762771 0.35388215808722645 0.08733011140055554 1.2819797992706299
0.2511721013429977 0.7959463729377619 -0.5508011863768673 -0.4539913535118103 -0.26467520412829415 -0.49087966760204205 -0.8300507142666376 -1.3571053743362427 -0.9310529586584154 0.35426899856201155 0.0873719911143201 1.2853678464889526
0.25139195680843895 0.7956666300945574 -0.5511049789341365 -0.4579465389251709 -0.26473200326148044 -0.4911533847603825 -0.8298706640721693 -1.3802117109298706 -0.9309774704584357 0.35451793521963115 0.08716641042524276 1.3044966459274292
0.260755611498825 0.8027564874148303 -0.5362728158179165 -0.43769699335098267 -0.27067243413384817 -0.4724187143986701 -0.838783042082972 -1.3725628852844238 -0.9266838427813077 0.3638716534704382 0.09409822170879613 1.294738531112671
0.26071345334325136 0.8028105937526842 -0.5362123141110235 -0.4397640824317932 -0.27056379003074643 -0.47240262303709746 -0.8388271557787506 -1.3859105110168457 -0.9267274306774536 0.36377316050821124 0.0940497577021482 1.305689811706543
0.2783280467542416 0.8169432549817406 -0.5051110932555408 -0.42056572437286377 -0.280757802027745 -0.4337236118292047 -0.8561885803620481 -1.3679999113082886 -0.9185360934609584 0.38011517554771296 0.10864574693844735 1.3038450479507446
0.2870469420789994 0.8238536476654039 -0.48874248871108406 -0.4163816571235657 -0.2855880258883518 -0.4134098329452539 -0.8645992074327686 -1.3703997135162354 -0.9143541614234005 0.38775956113626137 0.11661470848535516 1.3133153915405273
0.29871891871034995 0.8276959220301361 -0.4750646990244617 -0.41309505701065063 -0.292446685109997 -0.3944534897368207 -0.871137980346752 -1.3706539869308472 -0.9084282822395467 0.3991564919791821 0.12422620874106861 1.3192741870880127
0.29871891871034995 0.8276959220301361 -0.4750646990244617 -0.41309505701065063 -0.292446685109997 -0.3944534897368207 -0.871137980346752 -1.3706539869308472 -0.9084282822395467 0.3991564919791821 0.12422620874106861 1.3192741870880127
0.3092162403659926 0.8317138583789674 -0.46112620232891943 -0.4070734679698944 -0.29837262209512766 -0.37555775224338017 -0.8774566388796532 -1.37210214138031 -0.9029723667300117 0.40891127706419494 0.13203208856838725 1.322579264640808
0.3092162403659926 0.8317138583789674 -0.46112620232891943 -0.4070734679698944 -0.29837262209512766 -0.37555775224338017 -0.8774566388796532 -1.37210214138031 -0.9029723667300117 0.40891127706419494 0.13203208856838725 1.322579264640808
0.3205371928953884 0.8349937409246602 -0.4472598356519242 -0.3970935642719269 -0.30497706206199315 -0.35605809628501706 -0.8832958868272425 -1.3882837295532227 -0.8967970225122182 0.4195331747151007 0.14052407525648047 1.337119698524475
0.34755664856565205 0.8461283574930096 -0.40406828467969863 -0.3728145360946655 -0.31840590453338113 -0.2988256859320657 -0.8996226372126874 -1.4506442546844482 -0.8819422067211047 0.4413275564401263 0.16555341111102456 1.3494300842285156
0.34755664856565205 0.8461283574930096 -0.40406828467969863 -0.3728145360946655 -0.31840590453338113 -0.2988256859320657 -0.8996226372126874 -1.4506442546844482 -0.8819422067211047 0.4413275564401263 0.16555341111102456 1.3494300842285156
0.3822707850059409 0.8562583387330763 -0.3474056768117273 -0.3419281542301178 -0.3327897858840235 -0.2231599906482128 -0.916215355135001 -1.4459201097488403 -0.8620440854980722 0.4658554238430228 0.19964648440137922 1.3506081104278564
0.39967946785122055 0.8585129229892947 -0.32126606424977816 -0.27670735120773315 -0.33956963238820276 -0.18687394180049122 -0.9218300248070072 -1.5044692754745483 -0.8514392448894437 0.4775287331002439 0.21683524004591592 1.3879623413085938
0.3992201621758601 0.85861181913539 -0.32157270741357424 -0.27668315172195435 -0.33929475541279513 -0.1874827062860096 -0.921807628409011 -1.5166373252868652 -0.8517642461747567 0.4771121240177093 0.2164756107594074 1.3979101181030273
0.40741224187722225 0.8591751148757545 -0.3095696806000389 -0.21407867968082428 -0.3422411198665518 -0.17063527418144064 -0.9239884301643142 -1.5576964616775513 -0.846691372957741 0.4823916719671466 0.22452615387895608 1.4225175380706787
0.40701935481385615 0.8590685951888349 -0.31038104576019754 -0.21337924897670746 -0.3418942392078753 -0.17181724121250413 -0.9238978108095031 -1.5700466632843018 -0.8470204094373289 0.4821617823743456 0.22377766111525482 1.4325664043426514
0.43172170713836266 0.8591717451878671 -0.27466393985445686 -0.10112357884645462 -0.34978541586308154 -0.12121045830804678 -0.928955428234447 -1.6099469661712646 -0.8314243985083847 0.4971236637574079 0.24819656020457417 1.4441852569580078
0.6146517854415167 0.7557766360178012 -0.2258425537917333 -0.04990975186228752 -0.3363148758086888 -0.007890070025400986 -0.9417165449883423 -1.6410200595855713 -0.7135092760177277 0.6547819661876849 0.24932927985306405 1.449260950088501
0.6143087645461764 0.7559506699963903 -0.22619311734391706 -0.04784982651472092 -0.3362564680700288 -0.008529606992002392 -0.9417318267349957 -1.6517597436904907 -0.7138321437724839 0.6545730137552042 0.24895348999483663 1.4574040174484253
0.6142830649388317 0.7559611483131902 -0.22622789034590288 -0.04762082174420357 -0.3362437807287312 -0.008595723582299097 -0.941735755643453 -1.6529529094696045 -0.7138602356558348 0.6545600474953382 0.24890702716535854 1.458308219909668
0.6497652251813371 0.7285483559684369 -0.2168465936110924 -0.03664004057645798 -0.3261181329952705 0.009497226542443338 -0.9452813158101037 -1.6558969020843506 -0.68662370733665 0.6849285332818962 0.24376379718814917 1.4561879634857178
0.6841294586829578 0.6994617480508446 -0.2066885259897608 -0.019483370706439018 -0.3136124260450651 0.026256233492995495 -0.9491879984665264 -1.6508009433746338 -0.6584938344375684 0.7141875616505924 0.23732255853856365 1.4458980560302734
0.7183320531395051 0.6670423931579391 -0.1976196021717299 0.004938483703881502 -0.29873187119233 0.03920617526793546 -0.9535314074296606 -1.6621512174606323 -0.628297963204014 0.7439874471729948 0.22742987464864428 1.4468153715133667
0.7183320531395051 0.6670423931579391 -0.1976196021717299 0.004938483703881502 -0.29873187119233 0.03920617526793546 -0.9535314074296606 -1.6621512174606323 -0.628297963204014 0.7439874471729948 0.22742987464864428 1.4468153715133667
0.7786181588248938 0.6033966941602371 -0.1722387651622883 0.025308746844530106 -0.2639823482065172 0.0659621854015244 -0.9622693541480101 -1.6309771537780762 -0.5692689018236511 0.794708386500075 0.21064543157387025 1.4256170988082886
0.7791015771031917 0.6025387724114393 -0.17305421201529594 0.02817697823047638 -0.2638567472778488 0.06477005407806108 -0.9623847759657664 -1.6418275833129883 -0.568665410827204 0.7954570182201177 0.2094463718785468 1.4337677955627441
0.8066660730362815 0.5693254388498415 -0.15861396940578737 0.03120446391403675 -0.2436585901114662 0.07585977023453494 -0.9668897490018479 -1.6083202362060547 -0.5384425113947795 0.8186048130437539 0.199914536701271 1.4141393899917603
0.8066660730362815 0.5693254388498415 -0.15861396940578737 0.03120446391403675 -0.2436585901114662 0.07585977023453494 -0.9668897490018479 -1.6083202362060547 -0.5384425113947795 0.8186048130437539 0.199914536701271 1.4141393899917603
0.8563366474120274 0.5003476422787876 -0.127827161296759 0.036080796271562576 -0.1987963324645605 0.09093925276658585 -0.9758125181124168 -1.5677990913391113 -0.47662098621207316 0.8610355911182267 0.17734189107460582 1.3909623622894287
0.9156875721888139 0.3943826643558048 -0.07732130492026318 0.062391214072704315 -0.1250234200921271 0.09669018249111974 -0.9874310877414693 -1.5342708826065063 -0.3819494921680394 0.9138453494248632 0.13784506798259497 1.3558229207992554
0.918502463667529 0.3886484924068708 -0.07283936838376859 0.09681287407875061 -0.12900135064747734 0.12039578009220528 -0.9843086445150812 -1.5389877557754517 -0.37378051817584934 0.9134862918981633 0.1607200010774567 1.3314334154129028
0.9245371731923768 0.37653326920556096 -0.05876829559227856 0.1471349149942398 -0.13217965607533189 0.17219753636395013 -0.9761539566021301 -1.5506874322891235 -0.3574346848100445 0.9102585927370085 0.20897306152512934 1.2733076810836792
0.927260778838473 0.3707102285885203 -0.05254878160067375 0.18195880949497223 -0.13401541271507234 0.19756079378275698 -0.971086814818704 -1.5691291093826294 -0.349610236095394 0.907493062882452 0.23287125979293555 1.2692242860794067
0.9271362888343019 0.37078072163767883 -0.05422138312879907 0.18615493178367615 -0.13540229672176937 0.196564096096098 -0.9710966863131569 -1.578419804573059 -0.3494059529673583 0.907680677654739 0.23244626786250216 1.274867057800293
0.9284974495871753 0.3679346711194651 -0.050165365525649874 0.20165689289569855 -0.13534952482736326 0.20952646487036938 -0.9683899868585658 -1.5802059173583984 -0.34579327963267015 0.9059374913906243 0.2443445711566866 1.264764666557312
0.9323511614717152 0.3593888438112821 -0.03950912105240556 0.2487785965204239 -0.13559648069298216 0.2462733360517293 -0.9596681918109142 -1.586169719696045 -0.3351639988513407 0.9001050510323458 0.2783450933284735 1.2356523275375366
0.9347526875223425 0.3536973611345182 -0.033698514748223524 0.2908991575241089 -0.13588565280506962 0.26825377535901973 -0.9537164155908049 -1.5993854999542236 -0.3282872256599365 0.8960681272828037 0.29881333426805284 1.2325891256332397
0.9359671194539212 0.350780697103252 -0.030306003380283414 0.31897181272506714 -0.13579105843079764 0.28022269971737335 -0.950282077602935 -1.5922108888626099 -0.3248481795414173 0.8935480631185226 0.3099121151968147 1.225394368171692
0.9382426794574057 0.3451378288772182 -0.02409467830264425 0.35801875591278076 -0.13557778745082447 0.30270261371210405 -0.9433927025379197 -1.5947682857513428 -0.31830698703378624 0.888398000183353 0.33080153457275907 1.218790888786316
0.9392666805404544 0.34253886374321707 -0.021100465682583308 0.38804084062576294 -0.13558807717329352 0.31390531566036983 -0.9397230050012679 -1.5920665264129639 -0.31526810202582356 0.8855114791044043 0.34128498973638666 1.2107234001159668
0.9415313056452072 0.33657241424325235 -0.015421104386528495 0.4228951036930084 -0.13524808055110482 0.33563127712276575 -0.9322336630503015 -1.5881339311599731 -0.30858832965177657 0.8798128527064207 0.36152812755761715 1.1988507509231567
0.9415321562450207 0.33656821246458524 -0.01546082517188685 0.42416250705718994 -0.13523679017727125 0.33549182427345636 -0.9322854962017898 -1.5899014472961426 -0.3085906825216059 0.8798676458445681 0.3613927454401753 1.199805736541748
0.9456602754267206 0.3251123391044105 -0.005348872957706946 0.49106958508491516 -0.13496337589041024 0.3774980724785039 -0.9161223130364624 -1.5986332893371582 -0.2958234788655605 0.8670623808222064 0.40086319002223725 1.1784721612930298
0.9456115485955322 0.3252543378508507 -0.0053305601923339385 0.4931061565876007 -0.13490661761219191 0.377197447069429 -0.9162544900019554 -1.6012169122695923 -0.29600507375245655 0.8671399550438845 0.4005612246327554 1.1797932386398315
0.9476308960305345 0.3193668954266137 -0.0006862899770444519 0.5430219769477844 -0.13446692832691123 0.39704157539861673 -0.907896818251562 -1.5797630548477173 -0.2896797025590359 0.8604433586881538 0.41919314929368484 1.1707980632781982
0.9476308960305345 0.3193668954266137 -0.0006862899770444519 0.5430219769477844 -0.13446692832691123 0.39704157539861673 -0.907896818251562 -1.5797630548477173 -0.2896797025590359 0.8604433586881538 0.41919314929368484 1.1707980632781982
0.9503829991458421 0.3110254173354138 0.0059451413680493 0.6176357269287109 -0.13351087863230884 0.4250742757779381 -0.8952578987971516 -1.548445701599121 -0.28097508825763057 0.8500441458202002 0.44550864181901517 1.1585016250610352
0.9501003198281447 0.3118883678432506 0.005918468258802573 0.6334561705589294 -0.13331458740105542 0.42312073291566726 -0.8962120653969097 -1.5642292499542236 -0.2820223449454734 0.8507023518134775 0.443586412743306 1.1665194034576416
0.9510603383578464 0.3089082919741967 0.007739505943089892 0.6624199748039246 -0.13298196773367632 0.4317737219961022 -0.8921251309380946 -1.5485904216766357 -0.27892656571280217 0.8474356141579238 0.4517220946516174 1.1555330753326416
0.9515350883316855 0.3073844640583396 0.009786057897779005 0.686456024646759 -0.13278051564932158 0.4393191401511077 -0.8884638584437703 -1.5462619066238403 -0.27739918950406395 0.844105138209962 0.4588422444697411 1.1527652740478516
0.9515350883316855 0.3073844640583396 0.009786057897779005 0.686456024646759 -0.13278051564932158 0.4393191401511077 -0.8884638584437703 -1.5462619066238403 -0.27739918950406395 0.844105138209962 0.4588422444697411 1.1527652740478516
0.952331308293703 0.30485069318847846 0.011451380096216518 0.7006797194480896 -0.132688046863718 0.4477244672256778 -0.8842718381057799 -1.5279951095581055 -0.27469794586617435 0.840600295211694 0.4668320706923607 1.1413320302963257
0.955788449230846 0.29367646341204984 0.0149189528682655 0.7286114692687988 -0.131109108226795 0.47101753441028543 -0.8723261339762955 -1.4837552309036255 -0.26320874236405817 0.8318032322105069 0.4886967779996962 1.1096055507659912
0.957702526681951 0.28740629018187286 0.014265158635642969 0.7469611763954163 -0.13060744372051836 0.47831674143765834 -0.8684208602430344 -1.472706913948059 -0.2564128819536932 0.8298257161743986 0.49562255269897476 1.1005336046218872
0.9600097149465582 0.2795318855116984 0.01559718533911908 0.7629929184913635 -0.12984250155876106 0.49389740026913487 -0.8597710641771757 -1.4480845928192139 -0.24803683596835213 0.8233633966783226 0.5104414217254944 1.0768158435821533
0.9603367573975771 0.2784457818050495 0.014874776841417622 0.7714598774909973 -0.12962077779207587 0.4930100566507066 -0.8603136276997153 -1.454156517982483 -0.2468841152356394 0.8242627194264228 0.5095480379788285 1.079750895500183
0.9633072907730703 0.26787292510036675 0.016827345055611856 0.806567907333374 -0.1285759415369506 0.5155919714294709 -0.8471323074085644 -1.460663080215454 -0.23559985314370213 0.8138851362419914 0.5311155186991066 1.049889087677002
0.9641445358095954 0.26478214106797826 0.017768844643282933 0.8199992775917053 -0.12820190958318584 0.5233508765845563 -0.8424180258977139 -1.4692169427871704 -0.23235658899141315 0.8099347367224312 0.5385314640786011 1.0415655374526978
0.9641803249535293 0.26466180786822857 0.017618979210709762 0.8234575390815735 -0.1282688393180196 0.5233714427735959 -0.8423950603779042 -1.47161865234375 -0.23217107018858885 0.8099607770410897 0.5385723106719096 1.042513370513916
0.9667612558912099 0.25497187808841865 0.019026704699325325 0.9049421548843384 -0.12740476112833432 0.544916764557532 -0.8287543342547193 -1.5285170078277588 -0.22167701944379084 0.7987834882420991 0.5592890468821121 1.01134192943573
0.9682206768210888 0.24923666715314605 0.02073173226010304 0.9268999099731445 -0.12642699703758406 0.5592848336202703 -0.8192781513639951 -1.555716872215271 -0.2157890993451046 0.7906209955653458 0.5730213835234161 0.988053560256958
0.9696378833421233 0.2435814817132675 0.021689558644100007 0.9643245935440063 -0.12604064649650898 0.5737952204256446 -0.8092421148503258 -1.57603919506073 -0.2095617584831469 0.781938045361047 0.587074750435067 0.9801680445671082
0.970399050805569 0.2405240001476348 0.02176895837267305 0.995840311050415 -0.12608647670588624 0.5814436488120986 -0.8037571048817975 -1.5838067531585693 -0.2059802966002977 0.777220360392761 0.5945591886460085 0.9867347478866577
0.9719637230921987 0.2341524379999585 0.021427943705060154 1.0774352550506592 -0.12584354931953678 0.5950177257857909 -0.7937992864039163 -1.5682764053344727 -0.19862004452575513 0.768847541310617 0.6078022179403479 1.0077413320541382
0.9728338828136952 0.23056822850779662 0.020797318394591438 1.1368558406829834 -0.12563436203686673 0.6012656255873868 -0.7891106732028137 -1.5573081970214844 -0.19444856267203164 0.76506074235304 0.6138988654371305 1.033812403678894
0.9728338828136952 0.23056822850779662 0.020797318394591438 1.1368558406829834 -0.12563436203686673 0.6012656255873868 -0.7891106732028137 -1.5573081970214844 -0.19444856267203164 0.76506074235304 0.6138988654371305 1.033812403678894
