0.9999388205832536 0.003919603649333963 -0.010343683957077332 -0.017830006919479325 -0.0039041595073459616 0.9999912343446211 0.0015128689507211506 -0.0029865927243076375 0.010349523134568628 -0.0014723930022191264 0.999945358222005 0.058437059715386167
0.9977174496596415 0.020550249083119313 -0.06432400723899813 -0.07303246672842609 -0.020726424080081438 0.9997830360872062 -0.002072702849160302 -0.01070351852516467 0.06426745669087543 0.003401178453132192 0.9979269141553486 0.23241115142095842
0.9921025382349865 0.039980054762050604 -0.11888712650628157 -0.12933713334293118 -0.04094023189290004 0.9991456558642002 -0.005644092509241786 -0.015513394206512321 0.11855990485932726 0.01046678503269956 0.9928917339623825 0.3882105989742071
0.9986191193700302 0.030267967245948626 0.042938381285552135 0.0076380702533555035 -0.031023090768908818 0.9993735755607497 0.017030100119096767 -0.0008325048504366009 -0.04239601712153297 -0.01833866488380756 0.9989325658434157 -0.020136631191127005
0.9964129860834793 0.006476986634326666 0.08437540997436956 0.010797568093464776 -0.009154563836380058 0.9994654152529561 0.031385947081484664 -0.0013014196035210231 -0.08412701780741923 -0.0320457853293513 0.9959396128869739 -0.037149887169921895
0.9889003180390082 -0.04112400833462092 0.14277596758853425 0.008809528324658953 0.03877253478025275 0.9990633151718165 0.019214130857619423 -0.001340152169093927 -0.14343239358339607 -0.013465073946832287 0.9895685121579729 -0.04792124549671961
0.9822252574763096 -0.05576057436770033 0.179232535890617 0.006388226130352502 0.05506891727321064 0.9984434582878763 0.00883600319726897 -0.0014749006848823326 -0.17944625358572808 0.001191196176129135 0.9837670573493079 -0.04761515933300385
0.9754583243562962 -0.05940823929725375 0.21201820334020147 0.004803454338963446 0.0612268674677187 0.9981218378791852 -0.002016791701693864 -0.0013517741594727302 -0.2115001847377377 0.014948506690564325 0.9772636358750002 -0.057546428317913706
0.9539265658131351 -0.013916981880270733 0.29971724116457255 0.0025993576817523664 0.018883305116498036 0.9997281042097889 -0.013679855298168193 -0.0010072721908465643 -0.2994453670101369 0.018709229498987855 0.9539299958108659 -0.05695208209094151
0.9350132478024101 -0.0037388348770894357 0.3545930731807247 5.772971098430904e-05 0.013118477339160991 0.999624643421802 -0.02405156577308831 -1.0444570280390697e-05 -0.35437004950516177 0.027140253823373376 0.9347113322497551 -0.05616768365744886
0.9115792650847216 0.000510779183792145 0.4111240476695862 -0.00363293587268727 0.01377041894274279 0.9994001953706064 -0.03177459764237892 -0.00026593875560222517 -0.41089368336558807 0.03462641474104886 0.9110254619781166 -0.056422674088918046
0.8985277455658597 -0.002221419862408585 0.4389111023227013 -0.0054823174688518155 0.01578889594610997 0.9995035710714567 -0.02726393552311552 -0.0008440280861864921 -0.43863264950655095 0.031427324245003496 0.8981167641669221 -0.05687417993854185
0.8947193927110247 -0.005027759862234755 0.4466004141708591 -0.006473795882529616 0.019079521116732258 0.9994540867344076 -0.02697221503413488 -0.0024322753921728474 -0.4462209992601999 0.03265348588832661 0.8943268807760223 -0.056205783189031494
0.896771550234965 -0.00677223388372906 0.4424420001959599 -0.0065338489900851025 0.020942928385192617 0.999411933830623 -0.027151063838961 -0.0033480704338201654 -0.4419979416692237 0.033614332734098924 0.8963860196338467 -0.055743004232758256
0.9069464540317123 -0.01714128453922903 0.4208970252729858 -0.00536635891902227 0.031356263553503835 0.9991468839380726 -0.026875435862562733 -0.005952572809034641 -0.420077271767072 0.03757233930945349 0.9067102100801274 -0.0548676397908079
0.9091589503208131 -0.021335581958414368 0.4159023875791688 -0.00494677976224768 0.03373751031001203 0.9991775936048928 -0.022492595137456373 -0.006263503193085357 -0.4150804541888707 0.03448085527407169 0.9091310616021924 -0.05478687354566418
0.9119210181944465 -0.03220461909248009 0.40910013332228606 -0.003984420561054122 0.041180686048848385 0.9990651981911561 -0.01314841662756143 -0.006561624976561889 -0.40829426602849833 0.028837341631537693 0.9123947610852858 -0.05467897792307857
0.9112728684785038 -0.03580061699821781 0.4102439213413241 -0.003402552686942246 0.043928145501950816 0.9989805626891861 -0.01039968278153835 -0.006735299303154918 -0.4094533883212093 0.027498203427571505 0.9119165376286017 -0.0545593370241262
0.9093188843776939 -0.03898767921205664 0.4142693898706057 -0.0029775285843579684 0.04541902531306131 0.9989518685552851 -0.005681236618549692 -0.006932753998084969 -0.41361368286568767 0.023981767648824814 0.9101365810507345 -0.05438478433226199
0.9060220192243496 -0.04221229355195979 0.42112020012546947 -0.0017971878832858251 0.04704328979948321 0.9988922627847244 -0.001084543062759279 -0.008174414768168992 -0.42060792855755125 0.02079349951057575 0.9070041900744613 -0.05420569324820931
0.9052624149435792 -0.04154948061296341 0.4228162730445838 -0.001102438523547751 0.04668533901068985 0.9989080348262297 -0.0017936223283700394 -0.009272937427823822 -0.4222800483233562 0.021363019926799794 0.9062136515014718 -0.05414466735431783
0.904330395833564 -0.03640881679489884 0.4252774779260067 0.0005447658043188468 0.043217639230907615 0.9990453745148842 -0.006369875958130692 -0.012442028383984387 -0.4246395775605669 0.024139961060663462 0.9050406020998025 -0.053983971090289615
0.903319848627296 -0.03407556356460009 0.42761209880417794 0.0014407373695413672 0.04193252998642223 0.9990802076826297 -0.008966690904195038 -0.014576845958030674 -0.42691323943501325 0.026030647025928354 0.9039178565613772 -0.053726728275089924
0.9009883064884862 -0.02584084211104946 0.4330731144391227 0.0035732665039958367 0.0392634907469525 0.9989849577409246 -0.022077873578020206 -0.02259807925069387 -0.43206301608142034 0.036895868147461715 0.9010883669475882 -0.05335982333007712
0.9031268969861044 -0.016114258030929248 0.4290712512256713 0.004915683778412443 0.0326457520824599 0.998980002687934 -0.03119629946942725 -0.02933937886130865 -0.4281308944834758 0.04218157083049722 0.9027317720513944 -0.05265685194460877
0.9119633706737242 0.01837318778415082 0.40986002064127675 0.002900263705745698 0.004727249261428762 0.9984598488033927 -0.05527733208039893 -0.04147066483733317 -0.41024439504256455 0.05234841256575704 0.9104719545587363 -0.050275289344014484
0.9086447341327333 0.033161475777335706 0.41625120258940235 0.004966120895795789 -0.009460982914591487 0.998220669289176 -0.05887261847547979 -0.04885099278863651 -0.4174628569527405 0.049556149246473676 0.9073416948078143 -0.051576625592333614
0.9032429286896575 0.04152829705561754 0.42711545548691027 0.009104357850913347 -0.015914840581677803 0.9978634508373373 -0.0633660108596148 -0.053277350392915784 -0.4288343848403369 0.050437426844174224 0.9019740219939533 -0.052216899847220555
0.8960269860437322 0.04909866356153256 0.4412765136712546 0.010845782800619319 -0.019544361095356802 0.9972651856641211 -0.071275293136404 -0.0623653146575895 -0.4435692259735337 0.055240118562304444 0.8945361206069113 -0.055846261883588766
0.8942096633734186 0.0499463333533577 0.4448532811097979 0.011632874819873879 -0.019951094575557462 0.9972152300614072 -0.07185915918525479 -0.06485488675488447 -0.44720356858463767 0.05538184466167495 0.8927159792044921 -0.05643591987372085
0.8949605793487545 0.04790995719653956 0.4435653248543754 0.012224175118797143 -0.018031123250548155 0.997289229874265 -0.07133772193670704 -0.0678634507363158 -0.44578070842743445 0.055846467911777 0.8933984172896847 -0.05727621920079873
0.8985059370471385 0.04376450594444711 0.4367742541754059 0.012598829125547245 -0.012780443580305733 0.9972038771261518 -0.07362803614426801 -0.06915452019505525 -0.43877527431811175 0.06057305889592722 0.8965529338433155 -0.05776972571130745
0.899790247383188 0.04196812965121056 0.4342996509412372 0.01250675459989209 -0.010191202680897925 0.9971133171754906 -0.07524076088933727 -0.069334581530893 -0.43620367960623413 0.06327486708693071 0.8976205440458196 -0.05790722928826547
0.9002019070713619 0.04258459885899022 0.433385600181988 0.01224411424899774 -0.010148075021438253 0.9969882898908617 -0.07688541079980234 -0.06892279512081534 -0.43535450276578325 0.0648143638440893 0.8979229115915485 -0.05804807993352923
0.8998341105912326 0.04711659721277265 0.4336802966282591 0.011661452357762558 -0.016293098436041244 0.9970863432779568 -0.07452086279657691 -0.06717453575818086 -0.43592787059310506 0.05999041853231327 0.8979799782425436 -0.05787239789546389
0.9000051042422714 0.04685759162038994 0.43335341056162807 0.011039128028628692 -0.016110015652192722 0.9971015819532868 -0.07435659124744119 -0.0655582596793457 -0.43558154200280835 0.05993998142967434 0.8981513897404301 -0.05751297472257366
0.9005817010047835 0.045333631310143695 0.43231639072277445 0.01025877518217494 -0.014865097485038952 0.9971770608258888 -0.07359985216970186 -0.06353154524799255 -0.4344325364105351 0.05985625476821647 0.8987133024903055 -0.05717801376073625
0.9002605360538884 0.041363526089707364 0.43338207846355553 0.009553110460053943 -0.01036531994587476 0.9972304722971083 -0.07364743895415463 -0.06124511777133913 -0.4352281325539343 0.061809738969780315 0.8981959857414764 -0.05700997373047709
0.8980503164007567 0.031549149343705674 0.43875993480283654 0.007946790551890459 -0.0016533050010453347 0.997659827227647 -0.06835302274716956 -0.055664657193461406 -0.4398896404725557 0.06065904971057589 0.8960008838685013 -0.057157287231352716
0.8974222188228455 0.027632176793001482 0.44030651138583143 0.007187216322307455 0.002059780658113696 0.9977632877337744 -0.06681451155497381 -0.05222723017433683 -0.44116790280654083 0.06086776204502329 0.8953580273147212 -0.057260755474822664
0.8975583355453807 0.021986784641407783 0.440347153498394 0.0066763627229406985 0.007942998993563419 0.9977873277191392 -0.06601028260875068 -0.04856509441816116 -0.4408241634257292 0.06274575638424672 0.8953976920875856 -0.05730275489013148
0.8982755519254053 0.01651010886100163 0.4391223623530306 0.0057382793705337 0.01254036497378213 0.9979238209437963 -0.06317267478315543 -0.04471052716248722 -0.4392536534389131 0.06225322399949949 0.8962035282469242 -0.057202080636040875
0.9025031190971793 0.003532399698564009 0.43066883120587246 0.0037711784722756214 0.022937636643845835 0.9981529286123731 -0.056254741380061604 -0.03624289276197105 -0.4300720693617031 0.06064860472354083 0.9007551065078845 -0.05682941157020727
0.9050223762493746 -0.0031092346512202294 0.42535259626316957 0.0026784362183970255 0.027609972050267977 0.9982939202003194 -0.051448404586164495 -0.03179075040684421 -0.42446694562865395 0.058305930667144845 0.9035641817368146 -0.05651976859737405
0.9081394858426302 -0.012602726119482661 0.41847801082953057 0.0007842099890233295 0.035147308598623986 0.9983133038335887 -0.04620837680700302 -0.022623196647895125 -0.41718981405561245 0.056672027343498056 0.907050682357398 -0.05573849009635753
0.9067296629781324 -0.023143336270213442 0.42107683890454745 -0.0010676987784153102 0.04318329741286021 0.9983397269690931 -0.038118137150561414 -0.01282974701422504 -0.4194955555189051 0.05274633201996488 0.9062236497456491 -0.054579789756107125
0.903141479658981 -0.03397983589312282 0.4279963066103059 -0.0028087935285725056 0.050956581339627334 0.9983007093335217 -0.028268720564706258 -0.003068552220110675 -0.4263084499954985 0.047339882729723205 0.9033382760436821 -0.054710035597627424
0.9026300648121851 -0.03762567473048654 0.4287694890010552 -0.0036922975991221484 0.0530267973018363 0.9983040110435559 -0.024026241950366185 0.0016397371696669008 -0.42713829711822887 0.044423081111323155 0.9030943832177877 -0.05471932624257245
0.9043236620327418 -0.04404159579883252 0.4245692548067791 -0.005278672647006835 0.05871168993897827 0.998042884893305 -0.021525273014729212 0.011169559881983267 -0.42279031653078425 0.044392992164773146 0.9051395530493945 -0.05505543976586139
0.9053583516997163 -0.04669653255020375 0.4220730847322066 -0.006133319194604053 0.060092571568647855 0.9980216746308715 -0.018482959970140087 0.015941520741481002 -0.42037499669918477 0.042097159224567963 0.9063733730286773 -0.055275607380581515
0.9069396735137409 -0.05288769986330233 0.4179274097375742 -0.007612134408534782 0.06462314026395291 0.9978119887326001 -0.013967279044925396 0.02524919438888077 -0.4162742825940781 0.039675261116501735 0.908373048535745 -0.05586774137934748
0.9035167884229789 -0.06887509560579698 0.42298183677685075 -0.009281782262185234 0.08007209296095018 0.9967507923414535 -0.008736011420419083 0.03392487692796692 -0.4210057873315747 0.04176217393739297 0.9060960478124512 -0.05654876701255729
0.8968878748611866 -0.08521885050505726 0.4339699153692351 -0.010155756631653357 0.09454935264420786 0.9955201719091779 8.506751464839798e-05 0.04090853103139298 -0.43203305410760606 0.040955278542790116 0.9009273585134024 -0.057432707410954686
0.8939883298891454 -0.1035090647275387 0.4359710306215846 -0.01123068640688471 0.1138266608875111 0.9934975574320936 0.002468734020403738 0.046833608465991335 -0.4333916903832098 0.047418107255500566 0.8999573133271876 -0.05834271338086626
0.8955402659410124 -0.11104116381753923 0.43090311209870286 -0.011470194856934679 0.12098463787520716 0.9926448137928826 0.004357871991966435 0.04913645167427423 -0.4282176426497463 0.04823000713393885 0.9023876755227513 -0.05849423657843267
0.8996156551086708 -0.12237153364187277 0.4191859740467626 -0.012427850245167044 0.1324032397208712 0.9911822863062634 0.005201675125012909 0.05254293982966523 -0.4161262491057427 0.05082207263408943 0.9078854893313147 -0.058261362632516384
0.9014603420537725 -0.1245725876536662 0.4145490587488594 -0.012553858219629399 0.13407438700970642 0.9909516864478417 0.006230078181692186 0.05336152870067523 -0.4115741858429256 0.04996424252851411 0.9100056395519123 -0.058288740490640256
0.901152586790422 -0.1253104451961409 0.4149955513564886 -0.0130735812899605 0.13256828627041475 0.9911082855011248 0.011402450892076182 0.05224336893381652 -0.41273437559313664 0.04473990093603038 0.9097519862401939 -0.05722282925989397
0.9009651243871322 -0.11568408957497252 0.41818540870921034 -0.013302246564378173 0.12178939863305198 0.9924814398016025 0.012162813405527965 0.04953417385363409 -0.41644830053522747 0.03997227875100281 0.9082802595635188 -0.05701259411218583
0.9036390354342613 -0.10267939243120384 0.4158045646808086 -0.013482170336267724 0.10763720766591058 0.9941229161576625 0.011569749179251163 0.04438345128766853 -0.4145488212084598 0.03430116528842689 0.9093803961459321 -0.05648445335845691
0.9075721126943438 -0.08927105548056669 0.41029689118114326 -0.013319237112421778 0.09326618815230048 0.9955877965670348 0.010312976017435246 0.03783611099518272 -0.40940722808356106 0.028907057618894654 0.9118936909600553 -0.05584810394195393
0.908990318007772 -0.08258696871971885 0.40855353916692205 -0.012989324795600443 0.08674080441617013 0.9961956153103038 0.008386231916715439 0.03389604997498173 -0.4076918378105763 0.027815259017549998 0.9126958292599027 -0.055495360183518194
0.9083682917635587 -0.07022544802350562 0.4122322560989765 -0.012208550489101466 0.07575733792382143 0.9971219793960667 0.002929838897583031 0.025736412953874424 -0.4112515924215372 0.028568245573849543 0.9110740821006721 -0.05523164522194103
0.9039327962904183 -0.06349379376118401 0.4229350280414206 -0.010908520466829441 0.07223938446457596 0.9973764202007624 -0.004663449334053193 0.01709856183361952 -0.42152932415522903 0.03476801089110979 0.9061480090448312 -0.055445921709726204
0.9017379136561989 -0.06008655571445822 0.4280868380332882 -0.010133643853714243 0.06974930264245453 0.997540639619232 -0.00690703184767049 0.01250825638641942 -0.42661899847036433 0.03608709091111054 0.9037112105167869 -0.05552634414567237
0.9008694578270156 -0.055680157128192 0.43050428575873534 -0.008568293123421528 0.06613341688880768 0.9977670565648488 -0.009341948647307157 0.003262199686648811 -0.42902283287148035 0.03688659561544827 0.9025401863290256 -0.055773381430755414
0.9018504911049738 -0.058104088871514005 0.4281233543619511 -0.006866700468577038 0.06990179967090739 0.9974832177563698 -0.011873023926819003 -0.005577596094942801 -0.42635598986819206 0.04063428541034883 0.9036423101829089 -0.05577134230443628
0.9010437356131338 -0.05548466855032156 0.4301646638999886 -0.005085675464360645 0.06983034961450402 0.9974032529321797 -0.01762025292163827 -0.013868178379131416 -0.42806998117719647 0.04591516738690299 0.9025784667378163 -0.05572824228198114
0.8990918203549241 -0.04846914347017123 0.43506854713037696 -0.003287631079609915 0.06393455816894407 0.9977337307546982 -0.020970807949467637 -0.020994476702818315 -0.4330661275632291 0.046670597227585445 0.9001530894863436 -0.056204686131956255
0.8978014844527976 -0.03573345795220152 0.43894830503959265 -0.0005153892278302874 0.054484237481131514 0.9980581227363591 -0.03019025515086668 -0.02861401612550886 -0.43701711909312285 0.05102061958417414 0.8980049743719654 -0.057533710183701736
0.9023232284974377 -0.018863246501293424 0.43064715167453765 0.0015639450578793374 0.03759215136128929 0.9986792878826695 -0.03502156635837714 -0.032263322762165286 -0.42941777032394773 0.04778972573258544 0.9018406292934542 -0.05867808104088515
0.9314588745238803 0.03249953596142134 0.3623922532739881 0.005778347876563172 -0.016898906592278256 0.9987921784802138 -0.04613687421937088 -0.03598162790361685 -0.36345397511472005 0.03685056809658266 0.9308830450729391 -0.05991647642734052
0.9440828333096548 0.05379016588555181 0.3252909803606907 0.007687429779406396 -0.03920114171993733 0.9979165289067325 -0.051243261240789664 -0.0372199050715038 -0.3273696295288673 0.03562610543889473 0.9442244999328226 -0.059508705469747236
0.9467079199731572 0.07246559156185822 0.31383570908946634 0.009331195183925306 -0.05530516807305149 0.9964638549299134 -0.06325444018112762 -0.038397301978602805 -0.3173097109205921 0.042526742854423594 0.9473679451499739 -0.05889570396029406
0.9403454030111145 0.09475864653383935 0.3267588131067617 0.012001580247129218 -0.0722293762816565 0.9941394157688436 -0.08043468913811466 -0.04017962833795821 -0.3324656978363747 0.052034804908418365 0.9416787875068203 -0.05830043105462042
0.9330089613656025 0.11719570150777202 0.3402343979664326 0.015797473894898467 -0.08842904264219549 0.9911589257971452 -0.09891556111165786 -0.04263548827656802 -0.34881883898216337 0.0622025028495683 0.9351236635923534 -0.05760751861316095
0.9249677301857426 0.12901802996480277 0.3574759377343269 0.020424014641551913 -0.09610191491086259 0.9894467244251091 -0.10844169620071253 -0.044991703899588675 -0.3676943296618816 0.06595094744143984 0.9276051705688557 -0.056852093081713184
0.9195522700922192 0.12693749646063973 0.37190118924326043 0.025469497629528437 -0.09034424176884544 0.9893302392025153 -0.11429608820386784 -0.045940096288443366 -0.38244155180557815 0.07150209641541293 0.9212089391993232 -0.05555215203737601
0.91838980150077 0.11936860751018623 0.3772417103667826 0.028235132030427545 -0.08183240849068853 0.9900965746139296 -0.11407116137909906 -0.045834055370729154 -0.3871222409265444 0.07389119351345252 0.9190628172770173 -0.05482641175172276
0.9193735916932447 0.10865878652849342 0.37808129682281055 0.030969919948082292 -0.0714469902117183 0.9912332533464863 -0.11113939467995701 -0.04530709776677286 -0.3868430256405685 0.07516585375219206 0.9190770195924575 -0.053875932818523875
0.927211858662039 0.07712700745081906 0.3665100187964418 0.03689129349206888 -0.0447150407058448 0.99436406939933 -0.09612836533655987 -0.04288640724495117 -0.3718584869156027 0.07274284988427236 0.925434894252185 -0.051905047076482025
0.9355816323001434 0.039736837289034266 0.35086748647440125 0.04242202240475196 -0.015809255982191774 0.9973652682675831 -0.07079964038624469 -0.03850646582548453 -0.35275639856406416 0.06069188920932394 0.9337448355178808 -0.050243678474952994
0.9385817201188854 -0.004934587237533995 0.34502174497771815 0.04715114869464049 0.021982553627086517 0.9987216958425196 -0.04551638814179057 -0.03230337968817751 -0.34435609765866887 0.05030530888720429 0.9374904020324989 -0.04916798593087579
0.9377128154567572 -0.03245182000881012 0.34589240394417076 0.04878006573923396 0.047264233564967804 0.9982873770979832 -0.034473249808300035 -0.028400363809222284 -0.34418130099364463 0.048674347504050613 0.9376406774139959 -0.048497159407385554
0.9308967093312881 -0.09528957816707279 0.35263467335036797 0.051501796131304386 0.10618334524426412 0.9942785459594979 -0.011630573391027577 -0.020300022670342394 -0.3495088178414341 0.048270791762804036 0.935688792769089 -0.04858284405002472
0.9194240337559105 -0.15241552671890762 0.36253131363650254 0.04815982507757202 0.15866690699488484 0.9872509800592831 0.012661555854689428 -0.008058432362812923 -0.35983921239448985 0.04588038346595206 0.9318855786180674 -0.048351862958442696
0.9129224900168892 -0.18000344957322828 0.36629398761527737 0.045575138077013216 0.18367051665698547 0.9826664877896055 0.025133942909877832 -0.0018223881206574227 -0.3644690227335085 0.04433206420841743 0.9301596634721923 -0.048534768369032186
0.900011473365928 -0.23374594742509197 0.3678888145514046 0.04051132825467072 0.232268470256147 0.9714174897568938 0.048983857741960825 0.009448496890341301 -0.36882340697759536 0.041362938202712925 0.9285786998465331 -0.049986535345532566
0.8875397540730372 -0.2779477273830138 0.3674482899437558 0.032976782410700956 0.27741089608060227 0.9591490774458252 0.05546387987311729 0.020080976953057328 -0.36785374767117685 0.052707761074059244 0.9283886644325371 -0.05169161685597687
0.8763091933717061 -0.30236760481185937 0.37504136994812837 0.02395893831598883 0.3018275394804136 0.9513593955378308 0.06176922318673352 0.028239921573729093 -0.3754761430815932 0.059068875748843806 0.9249478546893001 -0.05344400688019971
0.8734439920142213 -0.29244157592777326 0.389324437305368 0.005547851879217414 0.2921283837126247 0.9543989085902006 0.06151203712512969 0.03394891074890438 -0.3895594951271378 0.060005399346343954 0.9190444775991939 -0.05954191835588029
0.8728860025308988 -0.2583017117928628 0.41394474543168774 -0.007633626205668043 0.26797532544816843 0.9627646474994412 0.03568554996388333 0.034557959786856704 -0.4077490055617256 0.07977756081852498 0.9096022698153685 -0.06069592651979226
0.8768510950043354 -0.23900550786994199 0.4171432900065982 -0.0061779410129843 0.2489741541433754 0.9680051005574735 0.03127292540371432 0.0303986755041126 -0.411271233808406 0.07643619890174172 0.9083025265511292 -0.06500768344413674
0.8793480044506379 -0.21064426025887664 0.427055128395236 -0.00944264266606984 0.22700158044532667 0.9738088006150436 0.012911325261730132 0.02734843226891758 -0.4185897389377871 0.08558864097928498 0.9041334055278094 -0.0665031905175806
0.9001665740567046 -0.09633663329663224 0.4247580394013579 -0.016752533330307906 0.1310078626474511 0.9899576069953783 -0.05311192216942399 0.01571338791847693 -0.4153758284681017 0.10345621990511045 0.9037476039732463 -0.06975007931421293
0.9152156292820987 -0.011306933909426161 0.40280579087612445 -0.020894830539665694 0.05419434054904314 0.9939786363900427 -0.09523362774065543 0.005315814432876438 -0.39930355041024435 0.10898909874734843 0.9103175550235282 -0.07057071745829195
0.9191667383877181 0.06790039855339927 0.38797170375940254 -0.02170580052643485 -0.016838199266598887 0.9909018373992178 -0.1335291117483844 -0.005912905545496519 -0.39350855402029367 0.11620277326786892 0.9119473303857597 -0.07066966457101931
0.9171149242381633 0.0917292089928383 0.38792520923133644 -0.028213061333886222 -0.03818574898194162 0.9889045700486501 -0.14356043992542866 -0.02288899785853428 -0.3967896978429708 0.11684820732233192 0.9104418883878538 -0.0690406725372682
0.91032623774374 0.15404375262611492 0.38415708135109516 -0.014086954999215362 -0.09450602810398209 0.9810014131164568 -0.1694250221057208 -0.024528577616034136 -0.4029575058580458 0.11792688302664046 0.9075893888385231 -0.06913824540439423
0.905060775950919 0.1909458042300313 0.3800061732157346 -0.009409573638089808 -0.13181620876557568 0.9754857037283056 -0.17621614264409113 -0.03377571894296888 -0.40433832237594114 0.10939534573572618 0.9080435999386651 -0.06980321862464231
0.9067272604415167 0.2089039342553708 0.36633976227656434 -0.0008915424886485335 -0.15662092024086827 0.9733677301951297 -0.16740713592223233 -0.04338032584817775 -0.39155531220394074 0.09441614304454993 0.9152977818270214 -0.06807815770093217
0.910180872641862 0.2103836073996996 0.3568045919188648 0.0040210553211198485 -0.16163666577229122 0.973513752652814 -0.16169280031545077 -0.047741952222477735 -0.38137169186361386 0.08949698952101501 0.9200793017516262 -0.06688417523067935
0.9180041275695305 0.209262830368173 0.33686420051944715 0.014102625072924702 -0.16283036593148997 0.9734347379301896 -0.16096919867291437 -0.05346976798280845 -0.3616001848671017 0.09291866775349479 0.9276914505841872 -0.0643807429349576
0.9212238549692012 0.20662893299348734 0.3296226525675335 0.018847933965336572 -0.1604920594612158 0.9736809620791088 -0.1618260885475469 -0.054693113353036504 -0.3543852534821131 0.0961762347707262 0.9301404323970357 -0.06314314750545802
0.9280205545727505 0.18666419842820142 0.3223884726779815 0.027304602877080142 -0.14285107984588402 0.9775628272021919 -0.15480467647756108 -0.053335373057019075 -0.34405147765610516 0.09760838026324653 0.933863579343919 -0.06096903223266234
0.932419730039064 0.16608950969003425 0.32094816061913045 0.030971780081507472 -0.12509330536769805 0.9815609779263276 -0.14453273526954147 -0.05058771106840376 -0.3390355615360474 0.09461670773830345 0.9360035078089727 -0.060134310055637796
0.9370817346856084 0.1423631746271779 0.31876409620389 0.034216074944156405 -0.10501646997960201 0.9857354585217599 -0.1315186178680383 -0.04677589512296215 -0.33294048049408853 0.08976821443566418 0.9386651714671201 -0.059574075202745436
0.944821645790256 0.07524420184405944 0.3188265480399062 0.03334040380006548 -0.04806247399956479 0.9945713227174805 -0.09229237574709136 -0.039640439204793626 -0.3240402077508797 0.07187624167172056 0.9433089364804699 -0.05669725072380233
0.9484553469040614 -0.005738932249262051 0.3168588322672019 0.03717229991486433 0.023833241647064025 0.9982962719978825 -0.05325908286595204 -0.02119562980263577 -0.31601334073372456 0.05806563503284944 0.9469762143298758 -0.057724516989757405
0.9478144962243733 -0.040024310218026576 0.3163000716700973 0.0423186427061473 0.05609993583794522 0.9975464776868442 -0.04187865868851151 -0.004591758170784041 -0.31384785795973813 0.05743761351363394 0.9477343734443436 -0.06199309647011987
0.9449145070850856 -0.08056891570979988 0.3172463145908817 0.042510033528981396 0.09236293279932647 0.9954759422956646 -0.0222875964443392 0.0021761067109150878 -0.31401538647788685 0.050361673243705676 0.948081240676788 -0.06430577969605816
0.9302561744862368 -0.16235883979144794 0.3290335195262135 0.03814543589538776 0.16810121890011764 0.9857069432624609 0.011126644079431387 0.0091295540163813 -0.32613713378658205 0.04496030633515037 0.9442526890720103 -0.062378344252649084
0.9078278401103771 -0.24455445750541258 0.3406489836103448 0.02347127494800466 0.24332358287476094 0.9688031132634555 0.047054880172258826 0.023598920901059264 -0.3415292765452428 0.040170200961280475 0.9390123046143823 -0.06414265173964158
0.901266391552732 -0.2519922886690976 0.35244684408975446 0.014315471858667717 0.24883217605502406 0.966980045786383 0.055064863667190184 0.02134084000475825 -0.35468498645592406 0.03807200417990779 0.9342104061080063 -0.06712189968677305
0.9036626987718124 -0.22992335605248235 0.36128794221508154 0.007993263016466592 0.22755855145337286 0.9724942675070406 0.04971926514327549 0.014307778392805004 -0.3627820730257868 0.037284715467710214 0.9311278201641301 -0.06887450878469899
0.908125575759944 -0.21071822542493582 0.3618090216183617 0.006813899136601721 0.20697773078159112 0.9770899018001515 0.049553433389356125 0.009183211940691105 -0.36396175295101185 0.02988567004328506 0.9309343097742668 -0.07072709454121566
0.9384661997882907 -0.13428054608282902 0.31819793650905603 -0.0018085106948064616 0.09645880937194136 0.9865658667546763 0.13184645861433633 0.003518471525782635 -0.3316276374934265 -0.09304045087106821 0.938811261411066 -0.07074586372395124
0.9232794552130021 0.005611023236494635 0.38408796388304256 -0.007486272044775564 0.006966651726165761 0.9994842589812688 -0.03134775609816798 -0.025597252717424822 -0.384065766953146 0.03161854624905189 0.922764192081481 -0.07945284721659945
0.9222296574720146 0.0456113529122531 0.3839427865770688 -0.017078102286626762 -0.023224587677187117 0.997759289296357 -0.06274567036898399 -0.026613397587093766 -0.38594439678051473 0.04894900518235736 0.9212225124720858 -0.08122529527438986
0.9250613706013606 0.04983254076641939 0.3765344320269997 -0.017736560856754652 -0.02824326377259346 0.9976361682883623 -0.06264498203676043 -0.030755441461095427 -0.37876612661720926 0.047315891661021 0.9242821147916467 -0.0840397892712296
0.9378611119565606 0.03422508841917945 0.3453189511195456 -0.03944666617157394 -0.029210789332137492 0.9993788198163452 -0.019715584928744347 0.0007860177509236028 -0.34577921346749174 0.00840344127059845 0.9382782730664792 -0.07957696329695292
0.932268957630496 0.03474598348507944 0.36009347018545496 -0.029585938340384657 -0.030441246713248396 0.9993812314596615 -0.01762057617427801 -0.0015771584116081082 -0.3604828999232719 0.0054654220170977244 0.9327498099839437 -0.07775821391082303
0.9226500864586602 0.006141096726573885 0.38558929560974836 -0.011786093975410191 -0.004594428574547671 0.9999772807292695 -0.004932469094591074 -0.0053226502572470726 -0.38561082607196134 0.002779380558789987 0.922657339351836 -0.07351020915119788
0.9077194405486527 -0.04126203155850196 0.4175438444064361 0.0072047407123445595 0.04848135261310975 0.9988016589254056 -0.0066936220882931104 -0.011883393150209965 -0.41676729202139207 0.026319021249331387 0.9086321221603564 -0.06877201543653104
0.9267155612761734 -0.14483500993086995 0.3467291282642859 0.03126413021533056 0.1277122508297343 0.9892040673807336 0.07186719742285787 -0.005571152195419371 -0.3533947502108511 -0.022318892798205713 0.9352080076366286 -0.05905304573588037
0.9241704879643591 -0.2107075956639596 0.3186082520984535 0.03334991754873857 0.19344883519826953 0.9773984487442793 0.08526324268234856 0.0005525328120163653 -0.32937282422226516 -0.017163377342167177 0.9440439402602292 -0.057962269978537824
0.9235555545970471 -0.23650032140804325 0.30184886209299033 0.029848870889331247 0.21698223239944434 0.9713293120169255 0.09714977323534937 0.0047493797301076945 -0.31617060014475473 -0.024227372755181394 0.9483929491584631 -0.05924996418214967
0.9210743658292104 -0.25389155852147205 0.2952305694264326 0.023535394973712133 0.22989666073896028 0.9665217339344884 0.11394412320670746 0.007530169834838507 -0.31427621289781565 -0.037078488963384844 0.9486072146377545 -0.06159505382823685
0.9164341021625826 -0.26028108929874555 0.30397745137907767 0.015448683591502865 0.23260375424944685 0.9645515701702841 0.12464253684478042 0.008965522256000447 -0.325644023286969 -0.04352037494666082 0.9444903107295374 -0.06456423612015835
0.9122488521975984 -0.2615130187470185 0.3152982281745106 0.011357440116381068 0.23264522415875397 0.9642766785487465 0.12667551808901556 0.009154615871410865 -0.3371620253532229 -0.04220696900772357 0.9405000480738391 -0.06631597530023163
0.9022046222320727 -0.25475448103460085 0.3480330070781712 0.0038873043525209927 0.2215240045895109 0.9660585642003974 0.13288327933074628 0.008501771857574891 -0.3700728779763649 -0.04279024337226887 0.9280167347943854 -0.07014565427659744
0.8966677188623619 -0.2504932213791499 0.36502075008588863 0.0008649050851699536 0.21301216550201968 0.9669258989917996 0.1402858624631876 0.007951854286611437 -0.3880886745298151 -0.04803594385453879 0.9203693436874649 -0.0725236244838302
0.8926628093683906 -0.2448995704782507 0.378387776163687 -0.0011356750159802753 0.20538702374293114 0.968299689970021 0.14216849468845696 0.006983924110736783 -0.40120976963248645 -0.049192588705306996 0.9146643154556308 -0.07457527359507164
0.8950969724405592 -0.2252338079029605 0.3848001321534039 1.2133888390858383e-05 0.18065896643217927 0.9722202175370106 0.1488293870844884 0.0026426042371388014 -0.4076318777713558 -0.06369913963170967 0.9109218802042129 -0.08056400958951268
0.8979981426047448 -0.23009708803181908 0.37503955252440496 0.002413359212257535 0.18636218871948276 0.9710355325965744 0.14952969287258996 0.0017501502758150156 -0.3985830785345917 -0.0643841945990202 0.9148695016185221 -0.08114978648142294
0.9021116979451034 -0.2354299528782957 0.3616175074831499 0.00550777007003974 0.19438194157591704 0.9699175605037382 0.14654551039064254 0.0009714376227706323 -0.38524037329929384 -0.06190850599231593 0.9207373087184096 -0.0815393039431648
0.9103637910777239 -0.2537194730639746 0.32690089764748786 0.012793472696408764 0.21787424590374108 0.9655005643909583 0.14261652475297898 -0.00015868102204089074 -0.3518075906891015 -0.058609633584249546 0.934235692951543 -0.08233135805062633
0.9141680073042744 -0.26611136597699453 0.30574760067609724 0.01638959516962979 0.2336447490578158 0.9623357203833901 0.13899673561595569 -0.0006463983673321433 -0.33122044873323025 -0.055630047384841265 0.9419120511857345 -0.08295170208809874
0.9230624833471406 -0.2821280677044958 0.26145631614160175 0.02384812768706307 0.2570460734570931 0.958102353532699 0.1263613717691988 -0.0014827869065658916 -0.28615200149099157 -0.04943312217967277 0.9569082497681108 -0.08501722791709182
0.9324520603180201 -0.2831344469237711 0.2244282517283632 0.030677616927686335 0.26311609934277647 0.9578586692583289 0.1152245112521876 -0.0022588807308547842 -0.2475945748099532 -0.04839064673915358 0.9676545209075628 -0.08787757968202944
0.939565343433624 -0.2938012845193906 0.17577761698581643 0.03790499266204317 0.28021594149314744 0.9548966505297448 0.0982416049348917 -0.0027972210157105604 -0.1967129674209742 -0.04304871684301951 0.979515602952094 -0.09169398018214742
0.9410619791062331 -0.30124369054286265 0.1538004889094166 0.03979962753445329 0.29082399406333964 0.9528305880191916 0.08680596184622415 -0.0029196249200392765 -0.1726955585928781 -0.03696091777969694 0.9842815321843523 -0.09233445250032397
0.945430669563199 -0.30228513180849553 0.12159172725478355 0.04143432783292639 0.2945265227260396 0.952469124794523 0.07782476292327015 -0.0029735922805280146 -0.13933763475884367 -0.03776592909854012 0.9895245111360987 -0.09296358413583955
0.9516551887657817 -0.2997460357247964 0.06711717933907424 0.0445829008359675 0.2964032864760371 0.9534531814651825 0.05542673109724246 -0.002766470072249505 -0.08060703109139228 -0.03285338370991332 0.9962043774835766 -0.09368960243515613
0.953653889344224 -0.29696664571192205 0.04852907039336599 0.046202989382668536 0.2947271769138295 0.9543588694397364 0.04832224653420464 -0.002826241933405693 -0.06066424422210146 -0.031779862433905445 0.9976521887996053 -0.09421350361218356
0.9581895414093694 -0.28425842948769026 0.032710059597840034 0.04863075460611066 0.2825225784323418 0.9579986179297071 0.04918984367440396 -0.0027066378209455455 -0.04531881959676017 -0.03789186337411836 0.998253680824866 -0.09557937344771092
0.9624233327118968 -0.26796224660574314 0.044017758299673256 0.050334300737108206 0.2660785685119204 0.9629333197098432 0.04429014756385682 -0.002575766874779728 -0.05425425356940083 -0.03091368930722801 0.998048505726572 -0.09674046181975868
0.9637201415134481 -0.26221895138542917 0.04984686926603831 0.05117473162370437 0.26005942176602226 0.9645025968843894 0.045867611165083276 -0.002656116186220664 -0.060104791755913343 -0.031240392724725435 0.9977030880328993 -0.09748353055769238
0.9651403505973936 -0.2594609228355893 0.03441123610166781 0.05193941491254794 0.2579855933769837 0.9652322877306696 0.04207213248866148 -0.003135151623333665 -0.04413091046722231 -0.031727909535962474 0.998521808724182 -0.09887777169456448
0.9653012353746253 -0.26112207503026236 0.0029642732856942616 0.05176371455808176 0.2609444320590351 0.9649582325748778 0.027633544169280783 -0.0035745011545888494 -0.010076128304555468 -0.025901183715382758 0.9996137255562931 -0.09903628615044391
0.9662926846485561 -0.2573542859995638 0.006871613518005431 0.05188126950377684 0.25714645102741174 0.9661116957175631 0.022447586100553366 -0.0037588373353922844 -0.012415728681517598 -0.019923927207996243 0.9997244054267743 -0.09914267703335253
0.965511563886556 -0.26034886773238536 0.002426328873369338 0.051906897072167786 0.2603019662150568 0.9654508384220458 0.012147632474855993 -0.004048090370924219 -0.005505123605539958 -0.011097101451894922 0.9999232710330599 -0.09920798696638013
0.9653669390953223 -0.26089217016943916 0.0013958674752928626 0.051722024924938395 0.2608555376800979 0.9652978730625406 0.01242596968297867 -0.004172778412888052 -0.004589266102029342 -0.011631500557350712 0.9999218203596865 -0.0992856573783005
0.9651118598897238 -0.2618312355660119 0.0018713583765923526 0.051714038555322195 0.2617945593452334 0.9650574475277104 0.011301843590117327 -0.004163223421131124 -0.004765144009698048 -0.01041763184586388 0.9999343810217203 -0.09927397976667261
0.9650781930799044 -0.26195601878601155 0.001767898020133507 0.05166169892208379 0.2619245906408067 0.9650324835967697 0.010383372318096273 -0.004141044349904664 -0.00442606589113663 -0.009557710229606088 0.9999445285194045 -0.09926159021804128
0.9648843144279222 -0.26266819317656914 0.0019183493724996249 0.05165826818442823 0.2626404418196862 0.9648497156689552 0.009220872751341973 -0.0041241771220594525 -0.004272948831716038 -0.008393239356347889 0.9999556467370884 -0.09924876403472056
0.9649443077105582 -0.2624478970244087 0.0018932417851400488 0.05167417682356289 0.2624186266216331 0.9649061216777939 0.009625006531656344 -0.004127663105009088 -0.004352863311377233 -0.00879077335527959 0.9999518862849395 -0.09925635592638196
0.964993146164745 -0.2622686347428449 0.0018414899378791818 0.051689666524991365 0.2622393415248725 0.9649537347573377 0.009737429561580507 -0.004132911933895082 -0.004330774950094913 -0.008913641679453053 0.9999508944844951 -0.09926682213229349
0.9650794710702786 -0.26195194857933457 0.001670674774165018 0.05167028011384428 0.26192215348153536 0.9650348843053544 0.010220449566738532 -0.00415625724680127 -0.004289526116762186 -0.009425959327351902 0.9999463741903627 -0.09927608169439239
0.9649283386204802 -0.26250603668092437 0.0019702875914649337 0.05168133188800701 0.2624766238328928 0.9648915517234833 0.009503439058293869 -0.0041266097869600005 -0.004395823973501543 -0.008652983226712926 0.9999529001972404 -0.09926188024738501
0.9649353731488345 -0.26247914562949703 0.002103272623497352 0.051714158295112805 0.26244724636357997 0.9648966075967468 0.009796914027586054 -0.004125801815737379 -0.004600926243030127 -0.008901390784527017 0.999949797099738 -0.09927573628267246
0.964958161934496 -0.26239669683204814 0.0019285247287243225 0.05175602947478779 0.2623673931192896 0.9649206775538227 0.009562272578210912 -0.004123811772243607 -0.004369982126650191 -0.008721210965345548 0.9999524207358622 -0.09927690932594287
0.9650655941169273 -0.2620016668998406 0.001877656370899508 0.05169373392751418 0.26196991981079976 0.9650219084484433 0.010221415207670843 -0.0041505545675894345 -0.004490007356940963 -0.009372446651189876 0.999945997080695 -0.09927197553445444
0.9650479583747293 -0.2620664274766375 0.0019041077698132446 0.051677330649111404 0.2620348047993732 0.9650051704679988 0.01013814794639444 -0.0041535506103412626 -0.004494342056539272 -0.009284856469588926 0.9999467947495096 -0.0992574439812942
