0.9999622126379418 0.007133977742626301 -0.004967862498009984 -0.00046945729991421103 -0.007357010636599301 0.9988946142411608 -0.04642654450306824 -0.00025670573813840747 0.004631165158400875 0.046461338783661016 0.9989093533988483 -0.0013170231832191348
0.9990829170410653 -0.0263654380403688 -0.033737050162324846 -0.014414535835385323 0.023676756682058483 0.99669145231869 -0.07775319972759362 -0.004583835136145353 0.035675426693094335 0.07688310966525702 0.9964016516337504 0.017841756343841553
0.9991422697593102 -0.025266270465558863 -0.03280762650627175 -0.014486202038824558 0.02261604819411995 0.9966353930115407 -0.07878075755419538 -0.004612375516444445 0.034687737664699916 0.07797120605385617 0.9963519718865478 0.017924698069691658
0.9991422697593102 -0.025266270465558863 -0.03280762650627175 -0.014486202038824558 0.02261604819411995 0.9966353930115407 -0.07878075755419538 -0.004612375516444445 0.034687737664699916 0.07797120605385617 0.9963519718865478 0.017924698069691658
0.9991939501578856 -0.023545244823869674 -0.03251263468353487 -0.014600849710404873 0.020904871930867805 0.9966323595449907 -0.07929013959716794 -0.004658032208681107 0.03427004956860979 0.07854655532847002 0.9963212345165573 0.01816382072865963
0.9991999576486561 -0.023191865736729333 -0.032581927484008386 -0.014629536308348179 0.020537391768200273 0.9966178835402663 -0.07956764258842718 -0.0046693445183336735 0.034317053694673735 0.07883483729525768 0.9962968474577981 0.018249433487653732
0.9992166636091256 -0.021974002793739858 -0.03291203984969947 -0.014699923805892467 0.019269911437000353 0.9965814451867928 -0.08033737375974923 -0.004697766620665789 0.03456486191289726 0.07964023047822119 0.9962242237620595 0.018510689958930016
0.9992166636091256 -0.021974002793739858 -0.03291203984969947 -0.014699923805892467 0.019269911437000353 0.9965814451867928 -0.08033737375974923 -0.004697766620665789 0.03456486191289726 0.07964023047822119 0.9962242237620595 0.018510689958930016
0.9992675448019217 -0.019877088501724396 -0.03269977458995654 -0.014769497327506542 0.01716275814239313 0.9965426738353671 -0.08129046043665158 -0.00472685694694519 0.03420253848013434 0.08066970049375238 0.9961538966363397 0.018851004540920258
0.9992675448019217 -0.019877088501724396 -0.03269977458995654 -0.014769497327506542 0.01716275814239313 0.9965426738353671 -0.08129046043665158 -0.00472685694694519 0.03420253848013434 0.08066970049375238 0.9961538966363397 0.018851004540920258
0.9990048596676646 -0.04444665144508391 0.003712887785644484 -0.03622579947113991 0.04458097918007326 0.9925576105387502 -0.11332222225562102 -0.015252632088959217 0.0013515382848601173 0.11337497491477436 0.993551351671034 0.07391001284122467
0.9990628620999616 -0.0431110049669499 0.003852119335217094 -0.03858363255858421 0.043269115645496896 0.9925497749534853 -0.11389788352310289 -0.016405770555138588 0.001086832043025871 0.11395782329671499 0.9934849940012104 0.08023081719875336
0.9990792929005038 -0.042733660053551725 0.0037948380540848304 -0.03917311504483223 0.042887623567526886 0.9925581022434111 -0.11396958109815207 -0.016694068908691406 0.0011037400778106078 0.11402740008167171 0.9934769920780525 0.08181627094745636
0.9991302158082065 -0.04156917108140224 0.003288749709536733 -0.04211965203285217 0.04167233529032308 0.9925561529538725 -0.11443644395410069 -0.018135761842131615 0.0014927593569493657 0.1144739588247661 0.9934251277376107 0.08975581079721451
0.9991302158082065 -0.04156917108140224 0.003288749709536733 -0.04211965203285217 0.04167233529032308 0.9925561529538725 -0.11443644395410069 -0.018135761842131615 0.0014927593569493657 0.1144739588247661 0.9934251277376107 0.08975581079721451
0.9981733647383783 -0.05683998192482283 0.020473162473108375 -0.13060395419597626 0.05927015170268958 0.9869707340466951 -0.1495854914504343 -0.0579741932451725 -0.011703975564082604 0.15052570076273883 0.9885368128531592 0.3334690034389496
0.9980343191663836 -0.05642844818129719 0.02726404228913502 -0.14183861017227173 0.059884004501152374 0.986959168889455 -0.14941721771583846 -0.06312508881092072 -0.018477114790979864 0.15075619118592434 0.9883982836124889 0.3620949983596802
0.9976787256724031 -0.05683253361894552 0.03751297726309009 -0.15307673811912537 0.06186797858660869 0.9866532955565552 -0.15062412686218576 -0.0682748407125473 -0.02845195188904647 0.1525953390174167 0.9878791165643006 0.3904324173927307
0.9988991732513504 -0.012456434456359291 0.04522476001487512 -0.1073758453130722 0.023717612198912996 0.965902054580812 -0.2578191145515551 0.023839902132749557 -0.040471181714284 0.25860792369376534 0.9651342006443709 0.2519370913505554
0.992313852788854 -0.022524327785543287 0.12167938289270774 0.3935600817203522 0.05732746117565989 0.9550906630177539 -0.29071530336647305 0.004158872179687023 -0.10966667569728727 0.2954563928469253 0.9490409581084419 -0.6667019128799438
0.9922910361215395 -0.02222082667111433 0.12192101744528669 0.4016522467136383 0.05708060557031419 0.9551766876738672 -0.29048115221491694 0.004327648784965277 -0.11000138226662348 0.2952011690126443 0.949081643333702 -0.680611789226532
0.9923334905909483 -0.02242399114090169 0.12153768169953352 0.40974411368370056 0.05726863138177884 0.9548824372889764 -0.29141008015633596 0.00449700141325593 -0.10951962066790727 0.2961362787271714 0.9488460133817188 -0.6942960023880005
0.9959736263001213 -0.06345779750710817 0.06332174705528158 -0.2876734435558319 0.08094233103350382 0.9401794470664345 -0.3309243816353155 -0.008504961617290974 -0.038534072733736435 0.3347173662202189 0.9415303553200772 0.46286413073539734
0.996020287134552 -0.06517458830556681 0.06079359057996428 -0.29188695549964905 0.08176030369616259 0.939682791238932 -0.33213175787467414 -0.008570434525609016 -0.03548014030293159 0.3357804712734345 0.9412718176783338 0.4693509042263031
0.994520081535868 -0.05692922434936146 0.08768620665116378 -0.3424724042415619 0.08308954367323568 0.9394506247141455 -0.33245849584027065 -0.009349027648568153 -0.06345025732070744 0.3379224572874402 0.9390327351624939 0.5364916920661926
0.994354998339338 -0.05716250631558786 0.08939007299077134 -0.3445802628993988 0.08391421381918449 0.9392499705783792 -0.33281811472277456 -0.00938250869512558 -0.06493490584179851 0.33844045361072617 0.9387446497120944 0.5393190383911133
0.9941629857675685 -0.05715821244296356 0.09150353260961358 -0.347530722618103 0.08462887335926032 0.9391924324677691 -0.33279953213491364 -0.009430178441107273 -0.06691719901233054 0.3386008174024395 0.9385475879947399 0.5433490872383118
0.9933631374967118 -0.05629607251079812 0.10030169132446244 -0.36775514483451843 0.08700678993478395 0.9381400792826605 -0.33514625187933644 -0.00975281186401844 -0.0752296189537948 0.341648860474292 0.936811913122738 0.5738910436630249
0.9935784089523738 -0.057837213770931345 0.09724608972542256 -0.37196972966194153 0.08730005046211728 0.9386246359797817 -0.3337101945118459 -0.009822371415793896 -0.07197670771146122 0.34005683265454 0.9376463641010832 0.5808839797973633
0.9967909936027627 -0.062134106274787736 0.050468484322897994 -0.4225665032863617 0.07584301960264868 0.9347322450470766 -0.34716489806258377 -0.01063001248985529 -0.025603738984169195 0.3498785259296222 0.9364451215332084 0.6603650450706482
0.9967612240655026 -0.060591078065286914 0.0528751686363951 -0.4267834722995758 0.07526808964942167 0.934427316087799 -0.3481096172608265 -0.010698634199798107 -0.028315664921868558 0.3509619811430275 0.9359614900796901 0.6658470630645752
0.9966639995703769 -0.05937206892686678 0.05599847669109523 -0.43100205063819885 0.075247693799073 0.9341636869852536 -0.34882085731222834 -0.010766263119876385 -0.03160152746784094 0.3518709470096393 0.9355149277869589 0.6712132692337036
0.996650778803735 -0.05929846667212966 0.056310895573084156 -0.43142402172088623 0.07528890464944663 0.9341597848366278 -0.34882241503474476 -0.010772989131510258 -0.03191873974008052 0.35189371725610497 0.935495593687691 0.6717455983161926
0.9965002904246036 -0.058901601775651465 0.05931081260565609 -0.4352208375930786 0.07598854805993233 0.933967919839446 -0.34918428554922337 -0.010833204723894596 -0.03482688253955609 0.3524691844956674 0.935175150564607 0.6765088438987732
0.9959413985724508 -0.061558183151270485 0.06566064800674307 -0.44365572929382324 0.0808966512417551 0.9320252283026343 -0.35324878715332086 -0.010968643240630627 -0.03945202691143533 0.35712681766360954 0.9332223602539979 0.6870832443237305
0.9954904782665684 -0.0636363944940529 0.070349960741965 -0.45209383964538574 0.08467886937212837 0.9303936315658745 -0.35664713572875045 -0.01110400352627039 -0.04275741763082475 0.3609959828550187 0.9315866592003571 0.6978487968444824
0.9949877461372714 -0.0663779479277203 0.07478872285029109 -0.4689609110355377 0.08895232027713877 0.9291967789132362 -0.35872110444547267 -0.011383198201656342 -0.045682269580069323 0.3635757336321709 0.9304438812522992 0.7204937934875488
0.9945492236742169 -0.07268296192591774 0.07475980694656681 -0.48583269119262695 0.09483715710633046 0.9285496957702023 -0.35888908609353654 -0.011660430580377579 -0.043333074215909755 0.3640228695161065 0.9303814245503068 0.7445212602615356
0.9945492236742169 -0.07268296192591774 0.07475980694656681 -0.48583269119262695 0.09483715710633046 0.9285496957702023 -0.35888908609353654 -0.011660430580377579 -0.043333074215909755 0.3640228695161065 0.9303814245503068 0.7445212602615356
0.9945512800954501 -0.07379560387759988 0.07363396029578895 -0.49005067348480225 0.09548725852012614 0.9282893164763955 -0.35938993916927764 -0.011730252765119076 -0.04183222108389724 0.3644628290568558 0.9302778679056387 0.7505960464477539
0.9945637436220035 -0.07479684721300026 0.0724457833112504 -0.4942689836025238 0.09598665143861021 0.928244079152632 -0.359373750103823 -0.011799963191151619 -0.04036734593936417 0.36437393041363064 0.9303774052591423 0.7566770911216736
0.9945637436220035 -0.07479684721300026 0.0724457833112504 -0.4942689836025238 0.09598665143861021 0.928244079152632 -0.359373750103823 -0.011799963191151619 -0.04036734593936417 0.36437393041363064 0.9303774052591423 0.7566770911216736
0.9945567150719866 -0.07693933156575546 0.07026577946222465 -0.5098776817321777 0.09727773540825475 0.9272586837624289 -0.36156379185561344 -0.012061164714396 -0.0373360777139327 0.36643099301967147 0.9296958344832769 0.7791286706924438
0.9948192815678217 -0.07786002677075676 0.06536369980455624 -0.01564863510429859 0.0962966626259335 0.9278020670742358 -0.36043068279473994 0.0061852093786001205 -0.032581433178886524 0.36485769906092475 0.930493046533921 0.01966923475265503
0.9949668231958289 -0.07786006921390229 0.06307797049371858 -0.015098240226507187 0.09552200028431504 0.9271561251375571 -0.36229417202267256 0.006291322410106659 -0.03027487739501856 0.3664960153151967 0.9299269339882568 0.018473884090781212
0.9952124774619671 -0.077103208103046 0.060060136565213404 0.019891731441020966 0.0936855984924218 0.9276496341064391 -0.36150956415744595 0.007618647068738937 -0.027841216552629958 0.36540559881097634 0.930431950772576 -0.034097734838724136
0.9952755581660684 -0.07699884452842617 0.05914170490025092 0.020336003974080086 0.09329375184035094 0.9271286901661946 -0.3629444416687867 0.007676985580474138 -0.02688566876185391 0.36674728330555295 0.929932035690364 -0.03494817763566971
0.9953515401246764 -0.07700713634002995 0.05783781223510168 0.020780611783266068 0.09285151778874506 0.9267610927395297 -0.36399515467731075 0.00773513363674283 -0.025571609565320605 0.36767346645759064 0.9296033104756555 -0.035792455077171326
0.9957335660621268 -0.07660968410315765 0.05143560749922592 0.0230921171605587 0.09019113799181917 0.9258139141330032 -0.36706151395300063 0.008038030937314034 -0.019499334474301026 0.37013450622624017 0.9287735048200485 -0.04016197472810745
0.99585394996204 -0.07520219172008302 0.051181448841338906 0.024870628491044044 0.08882913889584679 0.9251800071380638 -0.36898690827051644 0.008271200582385063 -0.01960342898640631 0.3720034741134927 0.9280243104679247 -0.04357316717505455
0.99585394996204 -0.07520219172008302 0.051181448841338906 0.024870628491044044 0.08882913889584679 0.9251800071380638 -0.36898690827051644 0.008271200582385063 -0.01960342898640631 0.3720034741134927 0.9280243104679247 -0.04357316717505455
0.9958546502631057 -0.07561023336111962 0.05056291289497071 0.02841988205909729 0.08906726185090343 0.9233743436678886 -0.37342582171333366 0.008739057928323746 -0.018453682985517195 0.3763813412843055 0.9262810305286928 -0.05036098137497902
0.9958500236333208 -0.0757849208897552 0.050392223559277596 0.030192604288458824 0.08920245165834913 0.9225843003866815 -0.3753413530350173 0.008971557952463627 -0.018045859570952897 0.37827880517648776 0.9255157980859076 -0.05375588312745094
0.9958545464985572 -0.07581582697284159 0.050256169756329995 0.031079113483428955 0.08919240832029815 0.9223145763462713 -0.376006032607488 0.009087560698390007 -0.01784478960868186 0.37892978589657245 0.9252533603528277 -0.05545536056160927
0.995854272760346 -0.07583023860952426 0.050239848102727525 0.03116774559020996 0.08920077548401928 0.9222881427304168 -0.3760688812331166 0.009099237620830536 -0.017818223200198765 0.37899123563916487 0.9252287037433972 -0.05562538281083107
0.9958546377674536 -0.07588527708323867 0.050149428302362034 0.03196527808904648 0.08923137585310623 0.9219876482816677 -0.37679774147332895 0.009203841909766197 -0.017643752447122782 0.3797106808321831 0.9249370231867382 -0.05715663731098175
0.995863072985881 -0.07593168879701581 0.04991110597403155 0.03373735025525093 0.08921121950801178 0.9213898589150942 -0.3782619280370629 0.009435255080461502 -0.01726551988823979 0.38114971667949055 0.9243520948740976 -0.06056193634867668
0.995863072985881 -0.07593168879701581 0.04991110597403155 0.03373735025525093 0.08921121950801178 0.9213898589150942 -0.3782619280370629 0.009435255080461502 -0.01726551988823979 0.38114971667949055 0.9243520948740976 -0.06056193634867668
0.9958722841187984 -0.07594715573546901 0.04970335260019937 0.03497771546244621 0.08916533618641787 0.9209686472781802 -0.3792971045939609 0.009596765041351318 -0.01696869313678601 0.38216329005582345 0.9239390040402766 -0.06294753402471542
0.9958834703038092 -0.07594946464675315 0.049475169484435075 0.03639499843120575 0.08910135716129813 0.9204918598075796 -0.38046771765814497 0.009781104512512684 -0.016645171301514713 0.3833098157468117 0.9234698281072795 -0.06567807495594025
0.9958842975822011 -0.07594908854327645 0.04945909197156421 0.036483585834503174 0.08909621810004742 0.9204607485304674 -0.3805441818435811 0.009792701341211796 -0.016623169056316396 0.38338459327961694 0.9234391825596031 -0.06584886461496353
0.9958925199712414 -0.07599492377208185 0.049222558103026844 0.03816651552915573 0.08907262338612569 0.9198817600981739 -0.38194713665872543 0.010011370293796062 -0.0162528898490022 0.3847626788028708 0.9228724313641594 -0.06909622997045517
0.995906760744919 -0.07606385444080269 0.048826365318041624 0.04082333296537399 0.08902160107551496 0.9189629206432516 -0.3841644244653279 0.010355882346630096 -0.015648592413196473 0.38693854877801087 0.921972711648806 -0.0742303878068924
0.9959169652461235 -0.07608722966522082 0.04858118789020605 0.042417146265506744 0.08896958142896681 0.9184309470346816 -0.38544650615790005 0.010561990551650524 -0.015290909564378667 0.3881949626294107 0.9214504105343078 -0.07731634378433228
0.9959170261342531 -0.0761045431520774 0.04855281214841186 0.04259423539042473 0.08897708120969727 0.9183653553463063 -0.38560102842064053 0.010584903880953789 -0.01524323047481465 0.3883467170084824 0.9213872537176893 -0.07765945792198181
0.9959377928152021 -0.07617832393174377 0.04800808062538907 0.04613524675369263 0.08887969883644438 0.9171415702679723 -0.38852508184304 0.01104112807661295 -0.014433016910074394 0.3912137562118033 0.9201866576806714 -0.08453310281038284
0.9959527423536109 -0.07622327322797738 0.04762507340398502 0.0485248900949955 0.08880089791976815 0.9163170090956555 -0.39048372484731725 0.011347822844982147 -0.01387571716938521 0.3931324858879072 0.919377133179105 -0.08918258547782898
0.9959713205996328 -0.07632723401459175 0.04706678118062889 0.05232959985733032 0.08872207493338773 0.9149761746649291 -0.39363306925999925 0.01183425635099411 -0.013020060005153124 0.39622311030934926 0.9180619395739306 -0.09660608321428299
0.9959762287054987 -0.07634462324057696 0.04693453265801675 0.05321456864476204 0.08869563094096745 0.914670821953698 -0.39434803475931024 0.011947140097618103 -0.012823295424959375 0.396924156444025 0.9177618302836762 -0.09833574295043945
0.9982057955770397 -0.05936553512046164 0.0078053133358375664 -0.43671825528144836 0.057116629595374474 0.9049515352640379 -0.42166385835986187 -0.7454058527946472 0.017968870306008664 0.4213531203908689 0.906718626497109 -0.25640273094177246
0.9982041928619808 -0.05941412246608768 0.0076388090921490175 -0.4402000606060028 0.0570763761855094 0.9046244981602027 -0.4223704589692934 -0.752042829990387 0.01818451633373236 0.42204795862554073 0.9063911098337859 -0.2595416009426117
0.9982017770664883 -0.0594746000714339 0.007482259528247672 -0.4440300762653351 0.057049003626325104 0.9042546483657368 -0.42316538385624286 -0.7593435049057007 0.018401724010228077 0.42283129360928434 0.9060215635944603 -0.2629958987236023
0.9981996195562264 -0.05952841257170414 0.007340818380663115 -0.4475119411945343 0.05702372777884989 0.903931201137353 -0.42385926683344544 -0.7659808397293091 0.018596074532237404 0.42351475972753916 0.9056983130739045 -0.2661382555961609
0.9981965646050603 -0.0595943962848348 0.007219857484861038 -0.4509938657283783 0.057017076754402526 0.9035875490235304 -0.4245922681915342 -0.7726183533668518 0.018779546561038363 0.42423819863503 0.9053558855222993 -0.26928257942199707
0.9981915072598939 -0.05971687040410367 0.006900016185535346 -0.4579579532146454 0.05696221930876691 0.9029226687346888 -0.42601168981196674 -0.7858935594558716 0.019209903842578303 0.42563429099893596 0.9046913451117967 -0.2755734622478485
0.9981915072598939 -0.05971687040410367 0.006900016185535346 -0.4579579532146454 0.05696221930876691 0.9029226687346888 -0.42601168981196674 -0.7858935594558716 0.019209903842578303 0.42563429099893596 0.9046913451117967 -0.2755734622478485
0.9981891264288449 -0.05977407428311516 0.006747438240995653 -0.46144017577171326 0.056934133433614996 0.9025962776469462 -0.42670653150384313 -0.7925317287445068 0.0194157752712258 0.4263179794724515 0.904364975023438 -0.2787207067012787
0.9981866780390514 -0.05982678544424376 0.006641651057649989 -0.46387770771980286 0.056925648362757084 0.9023548748071994 -0.42721791918195917 -0.7971784472465515 0.01956594858019648 0.42682131583965166 0.9041242934470157 -0.2809242606163025
0.9981838864484316 -0.05989594663756148 0.006434625948332712 -0.46840453147888184 0.05688031894763701 0.9019358986107039 -0.42810777161097785 -0.8058080673217773 0.019838300106603264 0.4276962828616733 0.903704781151006 -0.2850191295146942
0.9981838864484316 -0.05989594663756148 0.006434625948332712 -0.46840453147888184 0.05688031894763701 0.9019358986107039 -0.42810777161097785 -0.8058080673217773 0.019838300106603264 0.4276962828616733 0.903704781151006 -0.2850191295146942
0.9981743906830047 -0.06009945076506012 0.005995148234230382 -0.4788516163825989 0.056827233007533236 0.9009050174472369 -0.4302799264747325 -0.8257235288619995 0.02045852813180378 0.42983509111766555 0.9026756023459083 -0.2944779098033905
0.9981682704695298 -0.06022853009569247 0.005712091594155869 -0.48581668734550476 0.05678913553879468 0.9002237855925831 -0.43170838529974775 -0.8390010595321655 0.020859000758046087 0.4312419970455931 0.9019951452593881 -0.30079030990600586
0.9981682704695298 -0.06022853009569247 0.005712091594155869 -0.48581668734550476 0.05678913553879468 0.9002237855925831 -0.43170838529974775 -0.8390010595321655 0.020859000758046087 0.4312419970455931 0.9019951452593881 -0.30079030990600586
0.9981682704695298 -0.06022853009569247 0.005712091594155869 -0.48581668734550476 0.05678913553879468 0.9002237855925831 -0.43170838529974775 -0.8390010595321655 0.020859000758046087 0.4312419970455931 0.9019951452593881 -0.30079030990600586
0.9981682704695298 -0.06022853009569247 0.005712091594155869 -0.48581668734550476 0.05678913553879468 0.9002237855925831 -0.43170838529974775 -0.8390010595321655 0.020859000758046087 0.4312419970455931 0.9019951452593881 -0.30079030990600586
0.9981618177027475 -0.06036177719201782 0.005426005397014539 -0.49278199672698975 0.056752885018883974 0.8995508140478257 -0.43311366058798895 -0.8522788882255554 0.021262542707319095 0.4326254601848064 0.9013229806664779 -0.3071061372756958
0.9981585244229207 -0.06042863529577907 0.005285845074080383 -0.4962647557258606 0.056735328808483206 0.8992038808171036 -0.43383577905522436 -0.8589182496070862 0.02146305166677729 0.43333677522193964 0.900976457324718 -0.3102649450302124
0.9981555652852406 -0.06049128824171103 0.00512557674411626 -0.499747633934021 0.056705130679381544 0.8988602815193121 -0.43455117358218837 -0.8655576109886169 0.021679382941768785 0.43404031881137634 0.9006325588170699 -0.3134245276451111
0.9981519868397807 -0.06056321078873261 0.004970781302565083 -0.5032304525375366 0.05668561509454788 0.8985207239991669 -0.43525538432667965 -0.8721969723701477 0.021894113573085225 0.434732798444024 0.9002933087321467 -0.3165852129459381
0.9981483220255496 -0.06063461712751155 0.004834298644031404 -0.5067134499549866 0.056672895266267585 0.8981720169373909 -0.4359761586747121 -0.878836452960968 0.022093215694377007 0.43544284492504776 0.899945230902338 -0.31974759697914124
0.9981483220255496 -0.06063461712751155 0.004834298644031404 -0.5067134499549866 0.056672895266267585 0.8981720169373909 -0.4359761586747121 -0.878836452960968 0.022093215694377007 0.43544284492504776 0.899945230902338 -0.31974759697914124
0.9981449487703213 -0.06070188359894974 0.004684289896245896 -0.5101967453956604 0.05665040736529651 0.8978260084687943 -0.4366911836324821 -0.8854764103889465 0.022302300097489368 0.43614646604613433 0.8995992816614682 -0.32291164994239807
0.9981372891456922 -0.060849276985671365 0.004395168621319372 -0.5171632766723633 0.05662109621044251 0.8971356104513646 -0.43811157017817415 -0.8987563252449036 0.022715710000275075 0.4375443542663743 0.8989098589785324 -0.32924070954322815
0.9981372891456922 -0.060849276985671365 0.004395168621319372 -0.5171632766723633 0.05662109621044251 0.8971356104513646 -0.43811157017817415 -0.8987563252449036 0.022715710000275075 0.4375443542663743 0.8989098589785324 -0.32924070954322815
0.9981333943530128 -0.060922190821325474 0.004267756185978454 -0.5206464529037476 0.05661302298928913 0.8967931059878569 -0.4388132754152578 -0.9053964018821716 0.02290617177415668 0.4382357946564642 0.8985681363015663 -0.3324067294597626
0.9981304907504442 -0.06098016120212176 0.0041162329915556285 -0.5241297483444214 0.05658039739530483 0.8964461185142697 -0.4395258982486577 -0.9120369553565979 0.023112379039530083 0.4389370986148963 0.8982204859580246 -0.33557388186454773
0.9981304907504442 -0.06098016120212176 0.0041162329915556285 -0.5241297483444214 0.05658039739530483 0.8964461185142697 -0.4395258982486577 -0.9120369553565979 0.023112379039530083 0.4389370986148963 0.8982204859580246 -0.33557388186454773
0.9981304907504442 -0.06098016120212176 0.0041162329915556285 -0.5241297483444214 0.05658039739530483 0.8964461185142697 -0.4395258982486577 -0.9120369553565979 0.023112379039530083 0.4389370986148963 0.8982204859580246 -0.33557388186454773
0.9981269809882554 -0.061047151502964664 0.003971790105857794 -0.5276130437850952 0.0565589173263588 0.8961021208254284 -0.4402295741122348 -0.9186775088310242 0.023315631969582577 0.4396296558986252 0.8978764653115235 -0.33874234557151794
0.9981269809882554 -0.061047151502964664 0.003971790105857794 -0.5276130437850952 0.0565589173263588 0.8961021208254284 -0.4402295741122348 -0.9186775088310242 0.023315631969582577 0.4396296558986252 0.8978764653115235 -0.33874234557151794
0.9981229265147196 -0.06112292215122087 0.00382255848713349 -0.531096339225769 0.05654288258004291 0.8957564038288035 -0.440934652107576 -0.9253183007240295 0.023527133170687057 0.4403231238390568 0.8975310694440519 -0.34191223978996277
0.9981229265147196 -0.06112292215122087 0.00382255848713349 -0.531096339225769 0.05654288258004291 0.8957564038288035 -0.440934652107576 -0.9253183007240295 0.023527133170687057 0.4403231238390568 0.8975310694440519 -0.34191223978996277
0.9981188952674797 -0.06119697040030993 0.003688051497688612 -0.5345796346664429 0.05653156056028524 0.8954109620467211 -0.44163717201701236 -0.9319590330123901 0.023724535203978478 0.44101489754926526 0.8971861604867555 -0.3450833559036255
0.9981096034678569 -0.061367553998012137 0.0033530257288689937 -0.5429399609565735 0.05649114388147325 0.89457437728195 -0.44333444956778867 -0.947897732257843 0.024206819869616918 0.44268578792063396 0.8963500003039478 -0.3526984751224518
0.9981057332294089 -0.061438474671627365 0.0032029868260673375 -0.5453784465789795 0.05647443388014372 0.8943228276414116 -0.44384379941302243 -0.9525467157363892 0.024404581793209104 0.4431839277201891 0.896098444702369 -0.3549197018146515
0.9981029260420682 -0.061488665078362384 0.003113373273918696 -0.5485139489173889 0.056462275234654566 0.8940075319774093 -0.4444800830667078 -0.9585239887237549 0.024547107804951007 0.44381265961500277 0.8957833235017661 -0.35777777433395386
0.9981029260420682 -0.061488665078362384 0.003113373273918696 -0.5485139489173889 0.056462275234654566 0.8940075319774093 -0.4444800830667078 -0.9585239887237549 0.024547107804951007 0.44381265961500277 0.8957833235017661 -0.35777777433395386
0.9980938826809694 -0.061649833533416735 0.002810583592273411 -0.5554814338684082 0.05643272496713617 0.8933019735722181 -0.4459001363139103 -0.9718071222305298 0.024978969306412864 0.44520880723238415 0.8950783033093289 -0.36413004994392395
0.9980788079695224 -0.06191770435840234 0.0022115535540978403 -0.5694172978401184 0.05632475458204195 0.8918964209189353 -0.4487185046031265 -0.9983751773834229 0.025811143008590373 0.4479809953993347 0.8936704161253248 -0.3768492043018341
0.998063941215773 -0.06216517761496611 0.001964672221435499 -0.5763856768608093 0.05639472466690382 0.891194044862319 -0.45010310977784085 -1.0116596221923828 0.026229835580538322 0.4493424808473362 0.8929744288787778 -0.3832150399684906
0.998063941215773 -0.06216517761496611 0.001964672221435499 -0.5763856768608093 0.05639472466690382 0.891194044862319 -0.45010310977784085 -1.0116596221923828 0.026229835580538322 0.4493424808473362 0.8929744288787778 -0.3832150399684906
0.9980637062730935 -0.062173674951253935 0.0018089675154680414 -0.5798705220222473 0.05631122063320419 0.8908379750378382 -0.4508178663953798 -1.018302321434021 0.02641750652909539 0.4500468157575829 0.8926141265828395 -0.38640066981315613
0.9980637062730935 -0.062173674951253935 0.0018089675154680414 -0.5798705220222473 0.05631122063320419 0.8908379750378382 -0.4508178663953798 -1.018302321434021 0.02641750652909539 0.4500468157575829 0.8926141265828395 -0.38640066981315613
0.998060920630159 -0.06222264105305912 0.001655793242390258 -0.5833552479743958 0.056264055632083976 0.8904680715262522 -0.45155394986219216 -1.0249446630477905 0.026622448322968784 0.45077151255674924 0.8922422813970381 -0.38958603143692017
0.9980590897143882 -0.06225598148938981 0.0014987352266634599 -0.5868400931358337 0.05620202923702228 0.8901175175670888 -0.45225229333840233 -1.0315865278244019 0.02682135992316164 0.4514587441715978 0.8918887918136857 -0.39277198910713196
0.9980600595124184 -0.0622451969728184 0.00128571376401076 -0.5903250575065613 0.056072561904496845 0.8897282946889901 -0.45303358532374605 -1.0382286310195923 0.027055228839067247 0.4522268203939662 0.891492522407692 -0.39595872163772583
0.9980600595124184 -0.0622451969728184 0.00128571376401076 -0.5903250575065613 0.056072561904496845 0.8897282946889901 -0.45303358532374605 -1.0382286310195923 0.027055228839067247 0.4522268203939662 0.891492522407692 -0.39595872163772583
0.9980600595124184 -0.0622451969728184 0.00128571376401076 -0.5903250575065613 0.056072561904496845 0.8897282946889901 -0.45303358532374605 -1.0382286310195923 0.027055228839067247 0.4522268203939662 0.891492522407692 -0.39595872163772583
0.9980532085316226 -0.062357510562991 0.0011549095722113573 -0.5938097238540649 0.0560941267494223 0.8894033211834139 -0.45366858080776634 -1.0448685884475708 0.02726246291062613 0.45285016632910663 0.8911697284870863 -0.3991428017616272
0.9980466530841814 -0.06246424880753832 0.0010468468720929106 -0.5972943305969238 0.056116606837586396 0.8890087556430664 -0.45443850940143987 -1.0515084266662598 0.027455504083870222 0.4536095788350118 0.890777494823833 -0.4023267924785614
0.9980466530841814 -0.06246424880753832 0.0010468468720929106 -0.5972943305969238 0.056116606837586396 0.8890087556430664 -0.45443850940143987 -1.0515084266662598 0.027455504083870222 0.4536095788350118 0.890777494823833 -0.4023267924785614
0.9980466530841814 -0.06246424880753832 0.0010468468720929106 -0.5972943305969238 0.056116606837586396 0.8890087556430664 -0.45443850940143987 -1.0515084266662598 0.027455504083870222 0.4536095788350118 0.890777494823833 -0.4023267924785614
0.9980466530841814 -0.06246424880753832 0.0010468468720929106 -0.5972943305969238 0.056116606837586396 0.8890087556430664 -0.45443850940143987 -1.0515084266662598 0.027455504083870222 0.4536095788350118 0.890777494823833 -0.4023267924785614
0.9980225016200882 -0.06285579897553509 0.0004845566303875882 -0.6112329363822937 0.05612308494255492 0.887596177539943 -0.457190578372972 -1.0780608654022217 0.028306988474786493 0.45631367955785523 0.889368618881878 -0.4150680601596832
0.9980197748121301 -0.06290000649992075 0.00034389861170564494 -0.61436927318573 0.056078559822781204 0.8872824726326431 -0.45780455315244023 -1.0840344429016113 0.028490774158452692 0.4569172823840358 0.8890527953089397 -0.41793394088745117
0.9980201834284534 -0.06289445275114391 -3.581298896019117e-05 -0.6216877698898315 0.05585162506747235 0.886524891666804 -0.4592975206034579 -1.0979726314544678 0.028919015314469925 0.45838619554726506 0.8882824923890744 -0.42461925745010376
0.9980082228565029 -0.06308381434798095 -0.00013956401447367574 -0.6251727342605591 0.05594907977543681 0.8861518978586846 -0.4600049069235384 -1.1046067476272583 0.02914253906382338 0.4590808711858521 0.8879163621243572 -0.42779502272605896
0.9980063135575264 -0.06311321972580099 -0.00034582533028740606 -0.631097674369812 0.05584152511374919 0.8855463794864395 -0.46118253853699787 -1.1158859729766846 0.02941295925755893 0.46024377374854486 0.8873052161198037 -0.4331950843334198
0.9979870420592896 -0.06341588906516551 -0.0005374903017015039 -0.6356278657913208 0.05599262380842979 0.8850820168193118 -0.4620548123135469 -1.124507188796997 0.029777339719952556 0.46109461991779305 0.8868512059652783 -0.43731996417045593
0.9979840953548282 -0.06346087857727531 -0.0006799330889070438 -0.6391130089759827 0.05594450118342026 0.8847393832425553 -0.46271636725635834 -1.131138801574707 0.029965950779899497 0.4617455366647123 0.8865061202067775 -0.4404940903186798
0.9979798395275185 -0.06352647854350642 -0.0007914673018652712 -0.6425982117652893 0.0559261337865387 0.8843550435087091 -0.4634527209763682 -1.1377700567245483 0.030141457435211697 0.46247220840237596 0.8861212947441849 -0.44366884231567383
0.9979761719500769 -0.06358224276188028 -0.0009266203320653591 -0.6460835337638855 0.055891326708579395 0.8840242621433005 -0.46408756020900616 -1.1444011926651 0.030326882771318814 0.4630965367473205 0.885788844947831 -0.4468435049057007
0.9979761719500769 -0.06358224276188028 -0.0009266203320653591 -0.6460835337638855 0.055891326708579395 0.8840242621433005 -0.46408756020900616 -1.1444011926651 0.030326882771318814 0.4630965367473205 0.885788844947831 -0.4468435049057007
0.9979705079015375 -0.0636699209692921 -0.0010032559551185552 -0.6495686173439026 0.055908179626209496 0.8836362737096881 -0.4648238496843085 -1.1510316133499146 0.030481811127800046 0.4638244031400474 0.8854026102526171 -0.45001688599586487
0.9979705079015375 -0.0636699209692921 -0.0010032559551185552 -0.6495686173439026 0.055908179626209496 0.8836362737096881 -0.4648238496843085 -1.1510316133499146 0.030481811127800046 0.4638244031400474 0.8854026102526171 -0.45001688599586487
0.9979568306493526 -0.06387131490001809 -0.0016184230726690937 -0.6635087728500366 0.05570209284794649 0.8821661397718856 -0.46763252527206517 -1.1775453090667725 0.03129602231367698 0.46658692327680235 0.8839214908658061 -0.4626958966255188
0.9979382731491896 -0.06414827788759038 -0.0020497385369801745 -0.6739641427993774 0.05566867652640911 0.8810338017797086 -0.4697663659473624 -1.1974276304244995 0.0319405923209249 0.46868372978550216 0.8827884004655583 -0.4722135663032532
0.9979263102147362 -0.06432772230941636 -0.002241321861027495 -0.6791921257972717 0.05569887528168076 0.8804699940956829 -0.47081867506451336 -1.2073683738708496 0.03226010963338275 0.46971750408051716 0.8822271542447623 -0.476976603269577
0.997919232082523 -0.06442895581190494 -0.002473033120556356 -0.6844202876091003 0.055641268242198394 0.8799210413998666 -0.4718506227294546 -1.2173094749450684 0.03257691680051217 0.4707312083926049 0.8816750387399037 -0.4817419946193695
0.9979135650434241 -0.0645108355202364 -0.0026208400952223154 -0.6879056692123413 0.055618499530856284 0.8795559598588502 -0.4725334866300088 -1.2239370346069336 0.032788705559382146 0.4714018090517448 0.8813088194330535 -0.48492076992988586
0.9979069693858158 -0.06460749426914318 -0.0027481148955474776 -0.6913913488388062 0.05561772172878153 0.8791827710594506 -0.4732275605899611 -1.2305645942687988 0.0329901421778737 0.4720842369286314 0.880935936242015 -0.48810070753097534
0.9978685384872711 -0.0651525176528367 -0.003678225220749594 -0.7157943248748779 0.05546971025822761 0.876558521698711 -0.47808813965757274 -1.2769627571105957 0.03437282562062704 0.47686508310094095 0.8783041622228525 -0.5103903412818909
0.9978620882116485 -0.06524383131760186 -0.003807280510886496 -0.7192807793617249 0.0554622595001483 0.8761966828620963 -0.47875182580601955 -1.283591628074646 0.0345715299202461 0.47751713625424935 0.8779420219482116 -0.5135803818702698
0.9978566669446347 -0.06531966485564612 -0.003926017994149628 -0.7227673530578613 0.055444272549124894 0.8758126698473087 -0.47945604592749425 -1.2902206182479858 0.03475636453432195 0.47821073672396275 0.8775571129027911 -0.5167725682258606
0.9978451640587935 -0.06547818149287513 -0.004199561032481567 -0.7297406792640686 0.05539778494995133 0.8750649908548297 -0.48082465328108515 -1.303478717803955 0.03515841275027043 0.4795559086578153 0.8768067155789004 -0.5231630802154541
0.9978384634827105 -0.06557107831405287 -0.004339871334021948 -0.7332274913787842 0.05538694651005305 0.8747245881772455 -0.481444888844446 -1.310107946395874 0.03536505267571423 0.4801638559147083 0.8764656208445163 -0.5263598561286926
0.9978107128653846 -0.06595361539985654 -0.0048889576354137 -0.7471765279769897 0.055340085295879915 0.8731400113470676 -0.48431807270045923 -1.3366258144378662 0.0362112724233463 0.4829872060422826 0.8748783358553073 -0.5391656160354614
0.9977975783605849 -0.06612039533742607 -0.005299616795098969 -0.7576401829719543 0.05520602224160826 0.8720673521833802 -0.48626209842442725 -1.356515884399414 0.03677346497151805 0.48489857349376764 0.873796936191526 -0.5488022565841675
0.9977834625584343 -0.06631438921514692 -0.005528438108854585 -0.7646171450614929 0.05520531208405478 0.8712879845591652 -0.48765727871173004 -1.3697763681411743 0.037155556281713034 0.4862711689436767 0.8730176486712893 -0.5552375316619873
0.9977728310436335 -0.06646354612096136 -0.0056546147702158656 -0.7681060433387756 0.05523994213313942 0.8708375435601043 -0.4884572873029236 -1.3764063119888306 0.037388854279051004 0.48705704980343967 0.872569483658734 -0.5584563612937927
0.9977549118628194 -0.06669526594101056 -0.00607267277855094 -0.7785739898681641 0.05515335198904202 0.8697417964794105 -0.49041545165414635 -1.3962987661361694 0.03799004630150261 0.4889794974820779 0.8714676169681718 -0.5681259632110596
0.9977438365423106 -0.0668368806414688 -0.006329931117251546 -0.7855530381202698 0.05509151477822798 0.8689823471072705 -0.4917668201651872 -1.4095604419708252 0.03836875866211186 0.49030858834213514 0.87070392588794 -0.574583113193512
0.9977414995606759 -0.0668654034838219 -0.006396707853202656 -0.7869487404823303 0.05507436648202281 0.8688649899542331 -0.49197605977164605 -1.412212610244751 0.038454053245625085 0.49051263699192915 0.8705852277291446 -0.5758751630783081
0.9977236889142032 -0.06709897622298178 -0.0067207119609611135 -0.7960224151611328 0.0550354235578735 0.8678091455762411 -0.49384044893876394 -1.4294531345367432 0.038968483845794454 0.49234643722084775 0.8695265625745414 -0.5842821002006531
0.9977182735256597 -0.06716562568931578 -0.006857506743685984 -0.7995124459266663 0.05499551759800316 0.8674257526988558 -0.4945180043223414 -1.4360846281051636 0.03916298912372111 0.4930125173670403 0.8691403327439758 -0.5875203013420105
0.9977153337848798 -0.06720278700080518 -0.006920848925567571 -0.8002104163169861 0.05499069173863437 0.8673515960117872 -0.4946485951844115 -1.437410593032837 0.03924457354377302 0.4931379059808014 0.8690655148676868 -0.5881677865982056
0.997704257780007 -0.06734253496764565 -0.00715520731891689 -0.8064931631088257 0.05494095343541618 0.8666569632474225 -0.4958701439796142 -1.4493467807769775 0.03959426275677689 0.4943386400423168 0.8683672053445247 -0.5940017104148865
0.9976970836622104 -0.06743544083359886 -0.0072794623083303305 -0.8099837303161621 0.054927801230550036 0.8662525935645635 -0.4965776684413469 -1.4559777975082397 0.03979278708380955 0.4950342467569746 0.8679617668041936 -0.5972458720207214
0.997665565964402 -0.06784056955640096 -0.007815088687440238 -0.823947548866272 0.05488526098500609 0.864667063018595 -0.4993380400664513 -1.4825037717819214 0.04063282682188382 0.4977434351682203 0.8663720021626983 -0.6102458238601685
0.997665565964402 -0.06784056955640096 -0.007815088687440238 -0.823947548866272 0.05488526098500609 0.864667063018595 -0.4993380400664513 -1.4825037717819214 0.04063282682188382 0.4977434351682203 0.8663720021626983 -0.6102458238601685
0.997665565964402 -0.06784056955640096 -0.007815088687440238 -0.823947548866272 0.05488526098500609 0.864667063018595 -0.4993380400664513 -1.4825037717819214 0.04063282682188382 0.4977434351682203 0.8663720021626983 -0.6102458238601685
0.997665565964402 -0.06784056955640096 -0.007815088687440238 -0.823947548866272 0.05488526098500609 0.864667063018595 -0.4993380400664513 -1.4825037717819214 0.04063282682188382 0.4977434351682203 0.8663720021626983 -0.6102458238601685
0.9976444068704915 -0.06810194587728444 -0.00823179249937422 -0.8344224095344543 0.05480975074203061 0.8635208701242805 -0.5013258402310837 -1.502399206161499 0.04124958986004355 0.4996937380311394 0.8652194169740097 -0.6200168132781982
0.9976360954184663 -0.06821036332628763 -0.008340710586786693 -0.8379146456718445 0.05481445698594162 0.8630995926251654 -0.5020502649293294 -1.5090314149856567 0.04144389488854851 0.5004062744862111 0.8647982215703832 -0.6232777833938599
0.9976360954184663 -0.06821036332628763 -0.008340710586786693 -0.8379146456718445 0.05481445698594162 0.8630995926251654 -0.5020502649293294 -1.5090314149856567 0.04144389488854851 0.5004062744862111 0.8647982215703832 -0.6232777833938599
0.9976154086668929 -0.06846029440184805 -0.008756967557348967 -0.8483932614326477 0.0547249797764504 0.8619370139563896 -0.5040533310676656 -1.5289294719696045 0.042055593906818914 0.502372144990499 0.863628134649856 -0.6330716609954834
