0.9970239590476574 -0.010417063757569572 -0.07638527258317568 -0.013777685351669788 -0.014279195962335964 0.9487304540632665 -0.3157635667640861 -0.009866437874734402 0.07575836354888171 0.31591456173399 0.9457582460844931 -0.12119528651237488
0.9970829525609634 -0.010179766776767851 -0.07564362538034733 -0.0003030691295862198 -0.014034348153462231 0.949715475239547 -0.3127995414997099 0.0005589863285422325 0.0750241480072858 0.3129486993724242 0.9468022437536199 0.006454780697822571
0.9970494494011364 -0.010184094003148878 -0.0760833732048336 -0.00042499240953475237 -0.014183510131113991 0.949651935366483 -0.3129856701113551 0.0005630271625705063 0.07544019809923322 0.31314131934963235 0.9467054930794054 0.0062974728643894196
0.9970272306290764 -0.010051742329307736 -0.07639151693911883 -0.0005238482262939215 -0.014388779107834183 0.9497225058257341 -0.31276209003629946 0.000564653892070055 0.07569454683066959 0.3129315011376029 0.9467545675495133 0.0061356257647275925
0.9970160775614157 -0.01002476634320145 -0.0765404804258057 -0.0005490513285622001 -0.01445413038973695 0.9497513053002237 -0.31267161079189426 0.000565246504265815 0.07582888103305636 0.31284494904071175 0.9467724217894125 0.006091729737818241
0.9970160775614157 -0.01002476634320145 -0.0765404804258057 -0.0005490513285622001 -0.01445413038973695 0.9497513053002237 -0.31267161079189426 0.000565246504265815 0.07582888103305636 0.31284494904071175 0.9467724217894125 0.006091729737818241
0.9969185092141792 -0.01012058312549879 -0.07778855817778313 -0.0006484892219305038 -0.01471617152766212 0.949907266022462 -0.31218523388094466 0.0005675951833836734 0.07705141323653258 0.31236798772430496 0.9468311992975947 0.005915724206715822
0.9969185092141792 -0.01012058312549879 -0.07778855817778313 -0.0006484892219305038 -0.01471617152766212 0.949907266022462 -0.31218523388094466 0.0005675951833836734 0.07705141323653258 0.31236798772430496 0.9468311992975947 0.005915724206715822
0.9968968435530348 -0.010146657934082346 -0.07806233820969447 -0.0006734979688189924 -0.014765753794206478 0.9499533200287635 -0.3120427250893994 0.0005681003676727414 0.07732176814380848 0.31222705696191405 0.9468556432065116 0.00586886890232563
0.9968968435530348 -0.010146657934082346 -0.07806233820969447 -0.0006734979688189924 -0.014765753794206478 0.9499533200287635 -0.3120427250893994 0.0005681003676727414 0.07732176814380848 0.31222705696191405 0.9468556432065116 0.00586886890232563
0.9968968435530348 -0.010146657934082346 -0.07806233820969447 -0.0006734979688189924 -0.014765753794206478 0.9499533200287635 -0.3120427250893994 0.0005681003676727414 0.07732176814380848 0.31222705696191405 0.9468556432065116 0.00586886890232563
0.9968755844998378 -0.010159106017174601 -0.078331740648594 -0.0006988661480136216 -0.014826634788754992 0.9500001136079936 -0.31189734696794086 0.0005686869262717664 0.077583760729599 0.31208424617357894 0.946881293173184 0.005821289028972387
0.9966625078566983 -0.01053044773028073 -0.08095032491223687 -0.002105660969391465 -0.01491089970978629 0.9514775686903861 -0.30735663543980346 0.002588636241853237 0.08025902131624572 0.3075378772600725 0.9481450013303487 0.0182541161775589
0.9966329104669763 -0.010652007772696382 -0.08129807196074476 -0.0004287866468075663 -0.01463490591685076 0.952492944322062 -0.3042088271985121 0.001306744059547782 0.08067627472143804 0.3043743184749655 0.9491299241673773 0.02534652128815651
0.9966936022822775 -0.01076280219786287 -0.08053586318173388 -0.00044910787255503237 -0.01433844307434497 0.9523343134277708 -0.3047191567956638 0.0013263145228847861 0.07997669797998071 0.30486639296076284 0.9490311956007098 0.026733165606856346
0.9975128960564215 -0.007916658662180227 -0.07003819469944492 0.0029706358909606934 -0.013734723490261495 0.9527920022069807 -0.30331297021568154 -0.00664384663105011 0.06913305701165606 0.30352055456927357 0.9503135763431898 0.029485469684004784
0.9973397932018787 -0.008577181570423182 -0.07238624767413929 0.0022714356891810894 -0.013767451485235538 0.9530141505566535 -0.30261276595408493 -0.010816488415002823 0.07158068297826956 0.3028043275699476 0.9503608499034861 0.02658999152481556
0.9972366565920449 -0.004719487655058772 -0.0741402534753801 -0.0037195561453700066 -0.018298759908008926 0.9516278237197687 -0.30670774445423743 -0.01713951677083969 0.07200143147847067 0.30721688032829597 0.9489117884747773 0.015441040508449078
0.9973174120522106 -0.0027318658632881684 -0.07314722500810346 -0.0038927344139665365 -0.01996989234836223 0.9512403067678372 -0.3078036422458734 -0.017854120582342148 0.07042146701877162 0.30843867411389225 0.9486339659182503 0.01529533788561821
0.9973879567693966 -0.0009689926189161042 -0.07222412854907055 -0.0040142531506717205 -0.021430855584772483 0.9509147643964643 -0.30870994360681264 -0.018352627754211426 0.06897812783972039 0.30945140475706573 0.948410167582363 0.015158009715378284
0.997549519411883 0.00321362107212559 -0.06989012062320521 -0.009398047812283039 -0.024589538838042536 0.9513186443727774 -0.3072266125329536 -0.02056625485420227 0.06550046489036382 0.3081923255182484 0.9490664779617919 0.020574307069182396
0.9976021419084987 0.006214461261793088 -0.0689300147308936 -0.009767862968146801 -0.027235264834928764 0.9508531492873004 -0.30844209965533903 -0.021324897184967995 0.06362552010747595 0.30957982647719223 0.9487423908677237 0.020554091781377792
0.9976276909519233 0.007626215447377058 -0.06841659947617973 -0.009953254833817482 -0.028461965872910305 0.9506165323380371 -0.3090600668870936 -0.021703233942389488 0.0626809918921446 0.3102741518134497 0.9485784332209231 0.02054758556187153
0.9976517836747746 0.011252278107354682 -0.06755963860128078 -0.010507713072001934 -0.03173748523759101 0.9500662340991056 -0.31043015777391425 -0.022838670760393143 0.060693084954833325 0.3118453736423523 0.9481923920684701 0.020570306107401848
0.9975186796629459 0.014166255557954649 -0.06896231526681681 -0.011245762929320335 -0.03506257610013457 0.9493868703225151 -0.31214609755119843 -0.02435293048620224 0.061049975272029294 0.31378955951829685 0.9475278427870064 0.02076808549463749
0.9971754202347813 0.05167450865964263 -0.054506205466639965 -0.015173675492405891 -0.06717091336105188 0.9382544090249222 -0.3393622435444699 -0.025993600487709045 0.0336043104054988 0.34206491942331435 0.939075258550715 0.023096365854144096
0.9970655761872873 0.05122556732017193 -0.056887415436451 -0.015462040901184082 -0.06759453396389954 0.9379435217350829 -0.3401366328600808 -0.026457836851477623 0.03593349079224088 0.3429838061598779 0.9386537662799672 0.02329433523118496
0.9951061275652524 0.08820172535692727 -0.04454492705290593 -0.016030678525567055 -0.09841683075870816 0.9249750858969573 -0.3670629617563291 -0.02946682646870613 0.00882736118550333 0.3696505729928978 0.9291289100983368 0.02111886627972126
0.9950608262569128 0.08733541606873887 -0.04718556081059504 -0.016416408121585846 -0.09860534336233218 0.9244148966721831 -0.3684210703406548 -0.030139006674289703 0.011442827854454028 0.37125412308910105 0.9284607895759713 0.021357284858822823
0.9950535208588958 0.08718159510805507 -0.047622054772242156 -0.016512926667928696 -0.09862982663654396 0.9242493879006807 -0.3688295355077497 -0.030307190492749214 0.011859507745288853 0.3717020829099997 0.9282763131936563 0.02141757868230343
0.9950453125265784 0.08608660555532066 -0.04973854001522961 -0.016996392980217934 -0.09843386610441707 0.9233830578413439 -0.3710451488637292 -0.03114771842956543 0.013985707798379654 0.37410269290066855 0.9272818207761039 0.02173249050974846
0.9916460574787099 0.1236465391287348 -0.03673731139342132 -0.01798328012228012 -0.12799712937953261 0.908020638957078 -0.3988925345234966 -0.03694655001163483 -0.015963444413100155 0.4002624796173956 0.9162614887972776 0.015691857784986496
0.9916689525103501 0.12326373711111689 -0.03739972914910396 -0.018481342121958733 -0.12788618024087495 0.9073665889334217 -0.40041353397547075 -0.03792291879653931 -0.015421203922629379 0.4018605783113448 0.9155710032918518 0.01583629474043846
0.9916689525103501 0.12326373711111689 -0.03739972914910396 -0.018481342121958733 -0.12788618024087495 0.9073665889334217 -0.40041353397547075 -0.03792291879653931 -0.015421203922629379 0.4018605783113448 0.9155710032918518 0.01583629474043846
0.9917041778051089 0.12286807280877314 -0.03776586300021599 -0.018980346620082855 -0.12765059775358142 0.906844504743219 -0.4016694774440539 -0.03889967501163483 -0.015104589271026763 0.40315813386472066 0.9150056669123255 0.015956906601786613
0.9867290180794094 0.16030803888171694 -0.025829780292187545 -0.016659341752529144 -0.15566748824199364 0.8886689934284101 -0.4313178100001961 -0.042202167212963104 -0.046189587403153126 0.4296146561615821 0.9018302330409489 0.024487361311912537
0.9754380914717989 0.21122725205259307 -0.062478617911766995 -0.014269565232098103 -0.21525108013510402 0.8538235147566898 -0.4739750817808925 -0.05052931234240532 -0.04677074092341579 0.4757819391683999 0.8783188738462995 0.038372840732336044
0.974623149905515 0.2151269962853523 -0.061887730104552896 -0.014818533323705196 -0.2183489265952166 0.852684910557 -0.4746074057187873 -0.052375782281160355 -0.04933013199828978 0.4760764841678728 0.8780192021245256 0.03901178017258644
0.9654414823177964 0.2546463842478345 -0.05547939445884841 -0.01308619137853384 -0.2475073468497836 0.8291796479453352 -0.5011997852040951 -0.055774856358766556 -0.08162632832240581 0.4976106212921449 0.8635512793701648 0.043151773512363434
0.965069445561298 0.25605502950023334 -0.05546879403451523 -0.01336645893752575 -0.2486208350458036 0.8282694787328307 -0.5021527167911891 -0.05690265819430351 -0.08263561959068358 0.4984029418726173 0.8629981818680642 0.04371286928653717
0.965069445561298 0.25605502950023334 -0.05546879403451523 -0.01336645893752575 -0.2486208350458036 0.8282694787328307 -0.5021527167911891 -0.05690265819430351 -0.08263561959068358 0.4984029418726173 0.8629981818680642 0.04371286928653717
0.95412120663575 0.294619858785799 -0.05340282630138895 -0.012050522491335869 -0.27727544457664477 0.8020723540825078 -0.5289596077692211 -0.06199450418353081 -0.1130090743381452 0.5194988716307092 0.8469650946123195 0.04561383277177811
0.9537007322555909 0.2957412456287308 -0.0546994417623837 -0.01229151152074337 -0.2787621317501822 0.8009390347626099 -0.5298946466002774 -0.06318216025829315 -0.1129007847503449 0.5206090454722292 0.8462976040231065 0.046272970736026764
0.9526524820956714 0.29829760124606824 -0.0589218927716864 -0.012775439769029617 -0.28282142392180604 0.7981543884504 -0.5319413636560051 -0.06555730849504471 -0.11164806549062335 0.5234196340301058 0.8447287115896983 0.04752541705965996
0.9404861655914363 0.3343863168793381 -0.06059342715995216 -0.010759638622403145 -0.30973174945559384 0.7700820317113508 -0.5577095192073518 -0.07236099988222122 -0.13982852252060313 0.5432857954329278 0.8278215561161211 0.04845891147851944
0.9402081481709472 0.3347158027836173 -0.06303942797866151 -0.01096060499548912 -0.311115954146399 0.7686535506552266 -0.5589083843893279 -0.07365547865629196 -0.1386199884162958 0.5451027888683304 0.8268297577974769 0.04902873560786247
0.926946582773399 0.36914056514076704 -0.06712135168687511 -0.010645793750882149 -0.3364337428577315 0.738589483838704 -0.5842070788937896 -0.07997683435678482 -0.16607940676512498 0.5641106429863134 0.8088243400875819 0.05167856067419052
0.9267871887056403 0.36896597728692193 -0.07021121317711793 -0.010839982889592648 -0.33768147738696863 0.736724754045155 -0.5858394461000899 -0.08136481046676636 -0.1644284850044245 0.5666575194787523 0.8073800399671379 0.052237220108509064
0.9263089122057278 0.36954134745869854 -0.07342337289072641 -0.011035794392228127 -0.3395874921062752 0.7344872364614983 -0.5875447512148514 -0.08275463432073593 -0.16319354881003023 0.5691815984319596 0.8058536924487147 0.052762169390916824
0.9248512573145344 0.37235867107596166 -0.07745432149511565 -0.011349955573678017 -0.34354578736123964 0.730523680173227 -0.590179163214452 -0.08497779816389084 -0.16317611292732426 0.5724370470022957 0.8035479969418259 0.053520068526268005
0.9082438381032424 0.41001648388695283 -0.08354408110974385 -0.00690993620082736 -0.37087218672505046 0.6963297799877128 -0.6144742945120185 -0.09066488593816757 -0.19377035805631013 0.5890766677124835 0.7845009419340973 0.054513126611709595
0.9082438381032424 0.41001648388695283 -0.08354408110974385 -0.00690993620082736 -0.37087218672505046 0.6963297799877128 -0.6144742945120185 -0.09066488593816757 -0.19377035805631013 0.5890766677124835 0.7845009419340973 0.054513126611709595
0.8720023327901278 0.47903065996354144 -0.10070530484273939 0.0008006608113646507 -0.41921080365686614 0.6245907327245117 -0.6588996271755068 -0.10554420202970505 -0.2527335231146426 0.616778763747222 0.7454594039144646 0.05485010892152786
0.8720023327901278 0.47903065996354144 -0.10070530484273939 0.0008006608113646507 -0.41921080365686614 0.6245907327245117 -0.6588996271755068 -0.10554420202970505 -0.2527335231146426 0.616778763747222 0.7454594039144646 0.05485010892152786
0.8467452847105802 0.5176331233077629 -0.12279402459016008 0.0050675286911427975 -0.451097386064584 0.576235340648544 -0.6815159429341004 -0.11598727852106094 -0.28201696953569694 0.6324624746515057 0.7214275064423279 0.05493922904133797
0.8447916246189773 0.5197105100735022 -0.12738954703102306 0.005182635970413685 -0.4549526531134487 0.5722901790503488 -0.6822770950189914 -0.11840683221817017 -0.2816827903842603 0.6343381879420944 0.7199096255223131 0.05543145537376404
0.8251037073272928 0.54689385629273 -0.14181319439327217 0.009414915926754475 -0.47417196301314946 0.5338404234445787 -0.7001252400740666 -0.12553519010543823 -0.3071885766870469 0.6449197719451464 0.6997954459034488 0.052742987871170044
0.8246543095674581 0.5468745020454657 -0.1444768103341948 0.009534127078950405 -0.47581304373074573 0.5325735114791212 -0.6999767155316537 -0.1269872933626175 -0.30585489554280865 0.6459827659336758 0.6993990627597204 0.053049392998218536
0.8052332283019398 0.5705603304187561 -0.16143220679553447 0.01661415584385395 -0.49375616728075405 0.49443903239613396 -0.7153564779292874 -0.1384916454553604 -0.328335644288975 0.6557369538127427 0.6798564202048318 0.04919947683811188
0.7854492162934676 0.5926087146208439 -0.17856214598679268 0.022364674136042595 -0.5100199955049975 0.45627423966804803 -0.7291731086651696 -0.1464354693889618 -0.3506410312685322 0.6637987116368758 0.6606225379293112 0.046318430453538895
0.7857674959829177 0.5905042629756797 -0.18404933486509736 0.023032082244753838 -0.512556025737147 0.4550998108346601 -0.7281280674845584 -0.15053530037403107 -0.3462019103605243 0.666474963960242 0.6602691569935079 0.04710296913981438
0.7651080817295697 0.612199506279351 -0.19955296986869683 0.029220927506685257 -0.5262835833097457 0.4160009521431767 -0.7415988118616591 -0.16126973927021027 -0.3709922010106844 0.6724246963990016 0.6404762403570945 0.04612709954380989
0.7651080817295697 0.612199506279351 -0.19955296986869683 0.029220927506685257 -0.5262835833097457 0.4160009521431767 -0.7415988118616591 -0.16126973927021027 -0.3709922010106844 0.6724246963990016 0.6404762403570945 0.04612709954380989
0.7648013470405821 0.6123774335494763 -0.20018186342490657 0.02964142896234989 -0.5265545013718631 0.415089081818071 -0.7419173884203412 -0.16344985365867615 -0.3712401603409034 0.6728260793360998 0.6399107830903248 0.046545274555683136
0.7437828237697475 0.6327180127013361 -0.21553428374245392 0.03637409955263138 -0.5384418805207085 0.37608012093486437 -0.7540849315156357 -0.17236614227294922 -0.3960649597811247 0.676928104779887 0.6204038109108344 0.047367215156555176
0.7433621191676398 0.6332470391414365 -0.21543200134891627 0.03689343109726906 -0.5383853247970208 0.3753213142242921 -0.7545032492522193 -0.17467699944972992 -0.3969307267393165 0.6768545623009082 0.6199305603554676 0.04781867936253548
0.7431039662519915 0.6335839298692754 -0.21533206717060122 0.03777831047773361 -0.5384196696547678 0.37501889766427887 -0.7546291047418725 -0.17860567569732666 -0.39736727931399923 0.6767069012549483 0.6198120804925602 0.048673346638679504
0.699739642321848 0.6698434004078524 -0.2483430125720023 0.05355764180421829 -0.558238134639375 0.2957585837229646 -0.7751754931552839 -0.1986018568277359 -0.44579661057217934 0.6810555624060579 0.5808861359320989 0.05536552518606186
0.6998460061436704 0.6698292634810964 -0.24808128802698026 0.054065246134996414 -0.5580787857136614 0.2959784530823009 -0.7752063107633821 -0.2003639191389084 -0.4458291563156438 0.6809739445055002 0.5809568402932365 0.055749837309122086
0.6780990039189393 0.6847980111776668 -0.26689590624671333 0.058517202734947205 -0.5660453239526808 0.2549664190158002 -0.7839546009850087 -0.2090519666671753 -0.468801058142414 0.6826740137586691 0.5605191868466068 0.05869898945093155
0.6780990039189393 0.6847980111776668 -0.26689590624671333 0.058517202734947205 -0.5660453239526808 0.2549664190158002 -0.7839546009850087 -0.2090519666671753 -0.468801058142414 0.6826740137586691 0.5605191868466068 0.05869898945093155
0.6564143490934135 0.6976713392327102 -0.28701028677994656 0.06299275904893875 -0.5725791419076224 0.21303221697014962 -0.7916883230066706 -0.2195848822593689 -0.4911958148809916 0.6840116789544021 0.5393094607897944 0.06234922260046005
0.6351522687588366 0.707761419790716 -0.30928202040586267 0.0676419660449028 -0.5778668731378467 0.16974463590450217 -0.7982835558318458 -0.23209692537784576 -0.5124953389255266 0.6857554456491598 0.5168055691864513 0.06726710498332977
0.635459206851849 0.707226571607857 -0.3098744468958605 0.06839722394943237 -0.5778588943766543 0.1694146917037193 -0.7983594180722892 -0.2345489263534546 -0.5121237102663863 0.6863885478697399 0.5163332903622041 0.06767752021551132
0.6357813676666908 0.7066857063278047 -0.3104470405718887 0.0690678209066391 -0.5779691059040992 0.16928282709615017 -0.7983076080501494 -0.23672738671302795 -0.5115992231701376 0.6869779013347568 0.5160693731751624 0.0680340826511383
0.6133778890643456 0.7166976524663974 -0.3318313429381293 0.07452072203159332 -0.583121261242609 0.12759134713710762 -0.8023029619928915 -0.2446097880601883 -0.5326698413593511 0.6856128084311824 0.49618335020565785 0.07281763106584549
0.6142693684049472 0.7152145607325621 -0.33337857632954715 0.07623752951622009 -0.5835996566586815 0.1274064718476451 -0.8019844335641462 -0.24995459616184235 -0.5311163561661949 0.6871940941593311 0.4956608650733685 0.07374835014343262
0.5919258116115741 0.723302542083044 -0.3556083044083555 0.08510621637105942 -0.5877894517904746 0.0855064975358435 -0.8044825661523103 -0.2615187466144562 -0.5514774645548381 0.6852168061973956 0.47576310764161633 0.07731950283050537
0.5695506463365358 0.7295034476477333 -0.3787304861345401 0.09394703060388565 -0.5907150603847973 0.04288383025551595 -0.8057398429624797 -0.2738253176212311 -0.5715485794682895 0.6826314503249077 0.4553531863675639 0.08061797171831131
0.5697197398724674 0.7290864089312343 -0.3792788239691286 0.09503897279500961 -0.5907728780164441 0.04249591342752873 -0.8057180052239915 -0.27683472633361816 -0.5713202469717104 0.6831010947537101 0.45493523687055376 0.08110218495130539
0.5471131471047365 0.7341442539879387 -0.40211866233941945 0.10086456686258316 -0.5925542628203871 0.00037513169833802706 -0.8055304493869841 -0.28348949551582336 -0.5912247033730397 0.6789934267816604 0.4352255467097025 0.08287633955478668
0.5472052903958127 0.7339370638652707 -0.40237141604201976 0.10201526433229446 -0.5926171346163946 0.0002444272443256623 -0.8054842469064039 -0.2865433096885681 -0.591076392627796 0.6792174368640342 0.43507743165781826 0.08331958949565887
0.5246467954578231 0.7374102042437065 -0.4254079579569383 0.10830405354499817 -0.5934568270736076 -0.04147778959254417 -0.8037963593910107 -0.2927895188331604 -0.6103726193200048 0.6741704410961458 0.4158599306697688 0.08432371914386749
0.5247602745910827 0.73720932026769 -0.4256161090954406 0.10951680690050125 -0.5935265851075192 -0.04154334543354349 -0.8037414654108596 -0.2958820164203644 -0.6102072164287297 0.674386067887408 0.41575303301077904 0.08476006984710693
0.5022621991731968 0.7391127034686076 -0.44882635267220017 0.11648273468017578 -0.5930443236431528 -0.0833132588720048 -0.8008478826161445 -0.3025176227092743 -0.6293100296962854 0.668409539479691 0.3964814927032635 0.08532049506902695
0.5024883764862567 0.738855606178697 -0.4489964640334221 0.11776725947856903 -0.5930032795259126 -0.08338682198238473 -0.8008706190085828 -0.3056524097919464 -0.6291681348953699 0.6686845527885239 0.39624288876179636 0.08577994257211685
0.5025333017698739 0.7386224630374323 -0.44932965371627326 0.11904849112033844 -0.5930087108618212 -0.08371159075564244 -0.8008327156249058 -0.3087857961654663 -0.6291271329820944 0.6689015074505942 0.3959416925205692 0.08627261221408844
0.4805213984232347 0.7384664039969533 -0.47303969793790823 0.1262107789516449 -0.5918776890411539 -0.1249410145099703 -0.7962854664682275 -0.3149449825286865 -0.6471321247416807 0.6626138491316251 0.3770449576194993 0.08574061840772629
0.48044288849941386 0.7383832528406549 -0.47324919737363885 0.12756754457950592 -0.5918036920701335 -0.12529199632416577 -0.7962853167736199 -0.31811776757240295 -0.6472580790863088 0.6626402399353355 0.37678228657401414 0.08630184829235077
0.4803260462405581 0.7382548912270701 -0.4735679517051593 0.128920778632164 -0.5917997461012297 -0.12571312471555285 -0.796221872839959 -0.3212892413139343 -0.6473483991000776 0.6627034976922626 0.3765157690310033 0.08689709007740021
0.45814518614510746 0.7366897075544037 -0.4973844219469208 0.13817539811134338 -0.5895574438694255 -0.16692860142883292 -0.7902891005215521 -0.32930436730384827 -0.6652255322747425 0.6553038354903945 0.35784336573613335 0.08508236706256866
0.45828057777323405 0.7361448569670836 -0.49806592093491253 0.13962243497371674 -0.5897507513487315 -0.16739119142119763 -0.7900469861458861 -0.3325331211090088 -0.6649608735252301 0.6557979403715015 0.35742985057918586 0.08567047864198685
0.4584706307666486 0.7354150656910938 -0.49896829746888305 0.14106889069080353 -0.5902798601500305 -0.16772781661847946 -0.789580310186151 -0.3357624113559723 -0.664360118780238 0.6565303197012019 0.3572024242461771 0.08627280592918396
0.45874430860047677 0.7346450541725761 -0.4998502812907515 0.14366842806339264 -0.591282471335559 -0.16752434281890483 -0.7888730149107703 -0.3415718376636505 -0.6632787486554839 0.6574437154181849 0.35753190436539845 0.08735273778438568
0.436601543216951 0.7314085412496691 -0.5238517330768395 0.1530732959508896 -0.5886674274564518 -0.20807405821991598 -0.7811375334393417 -0.3473047614097595 -0.6803306198550674 0.6494203046432462 0.3397109294748895 0.0868164524435997
0.43680534814842475 0.7304616494774702 -0.5250017775889783 0.15460781753063202 -0.5890055355343141 -0.20887102939027324 -0.7806698227748933 -0.3505537211894989 -0.6799070281581662 0.6502297068914192 0.3390099723268176 0.08737470209598541
0.43680534814842475 0.7304616494774702 -0.5250017775889783 0.15460781753063202 -0.5890055355343141 -0.20887102939027324 -0.7806698227748933 -0.3505537211894989 -0.6799070281581662 0.6502297068914192 0.3390099723268176 0.08737470209598541
0.41517184051266875 0.7237805899005709 -0.5511569654177519 0.16749882698059082 -0.5854367806575478 -0.2511688458222977 -0.7708294148134343 -0.3639765679836273 -0.6963448274372759 0.6426942263405491 0.3194495464543249 0.08980277180671692
0.3935254281711362 0.7171049751522645 -0.5752375092034546 0.17651249468326569 -0.5798346509010499 -0.2919543112290449 -0.760627673549439 -0.3693211078643799 -0.7133929597334009 0.6328689712465327 0.30091086759400004 0.09242996573448181
0.3935386763030191 0.7165182286088596 -0.5759591464026675 0.17822563648223877 -0.5788389641881284 -0.29359695038707523 -0.7607537605960445 -0.37263354659080505 -0.7141937858811725 0.63277362365591 0.29920691404793215 0.09283742308616638
0.37276923459107214 0.7086595849082606 -0.5990364683890608 0.18667064607143402 -0.5711571173694276 -0.3335538025082062 -0.7500142719379165 -0.37767493724823 -0.7313156944990531 0.6217261885669355 0.2804173700564914 0.09478636085987091
0.37276923459107214 0.7086595849082606 -0.5990364683890608 0.18667064607143402 -0.5711571173694276 -0.3335538025082062 -0.7500142719379165 -0.37767493724823 -0.7313156944990531 0.6217261885669355 0.2804173700564914 0.09478636085987091
0.35363772282624206 0.7000683606340329 -0.6203584862266717 0.1957416832447052 -0.5606743994499529 -0.3722191268286402 -0.7396601513021771 -0.38497644662857056 -0.7487219636124646 0.6093908532806366 0.2608796832683469 0.09585868567228317
0.35506786754201114 0.7010195926104019 -0.6184645019849684 0.1975916475057602 -0.5589906801612134 -0.37106049127590734 -0.741514350034432 -0.38831591606140137 -0.7493038295191563 0.6090038116386699 0.26011176151319787 0.09623350948095322
0.35506786754201114 0.7010195926104019 -0.6184645019849684 0.1975916475057602 -0.5589906801612134 -0.37106049127590734 -0.741514350034432 -0.38831591606140137 -0.7493038295191563 0.6090038116386699 0.26011176151319787 0.09623350948095322
0.3569196868781994 0.7023487291268085 -0.615885216426507 0.19944025576114655 -0.5574714666035938 -0.3688851142373747 -0.7437401000463252 -0.3916557729244232 -0.7495558024867839 0.6087939184880516 0.2598770166258593 0.09663276374340057
0.3569196868781994 0.7023487291268085 -0.615885216426507 0.19944025576114655 -0.5574714666035938 -0.3688851142373747 -0.7437401000463252 -0.3916557729244232 -0.7495558024867839 0.6087939184880516 0.2598770166258593 0.09663276374340057
0.3569196868781994 0.7023487291268085 -0.615885216426507 0.19944025576114655 -0.5574714666035938 -0.3688851142373747 -0.7437401000463252 -0.3916557729244232 -0.7495558024867839 0.6087939184880516 0.2598770166258593 0.09663276374340057
0.35897551768118774 0.7041580826446363 -0.6126156807915979 0.20110279321670532 -0.5563249525447347 -0.36559676044615563 -0.7462181691217225 -0.3946598768234253 -0.7494258634992672 0.6086874431081244 0.26050042556754455 0.09703318029642105
0.34208450903791576 0.6968440622374698 -0.6303860258608764 0.20876796543598175 -0.5486341435390872 -0.39652483520611315 -0.7360493404710703 -0.3954923748970032 -0.7628753274417914 0.5976423746599188 0.24666744169312874 0.09617818892002106
0.3431208340333566 0.6980460492507907 -0.6284901004611103 0.2095310389995575 -0.548312615211749 -0.3944194809893894 -0.737418842324844 -0.3968144357204437 -0.7626410487587894 0.597632818828939 0.24741391352684744 0.09637556970119476
0.3449975692643896 0.6996060043622904 -0.6257220755750063 0.2106771618127823 -0.5483827696237477 -0.3907943398818826 -0.7392943405005018 -0.39879870414733887 -0.7617434050790665 0.5981899552621349 0.24882878097606503 0.09669120609760284
0.3474631547908743 0.702207293101385 -0.6214292184778558 0.2125866711139679 -0.5479854205789476 -0.3857145769353211 -0.7422507958719348 -0.4021059274673462 -0.7609082302720132 0.5984389548273342 0.25077775509299255 0.0972258672118187
0.35157081722591277 0.7061603136652144 -0.6146019621505858 0.21640446782112122 -0.5472804167466376 -0.37760968335985523 -0.7469237393994765 -0.40871888399124146 -0.7595275544183573 0.5989562074451826 0.25371116578139213 0.09835930913686752
0.35157081722591277 0.7061603136652144 -0.6146019621505858 0.21640446782112122 -0.5472804167466376 -0.37760968335985523 -0.7469237393994765 -0.40871888399124146 -0.7595275544183573 0.5989562074451826 0.25371116578139213 0.09835930913686752
0.35157081722591277 0.7061603136652144 -0.6146019621505858 0.21640446782112122 -0.5472804167466376 -0.37760968335985523 -0.7469237393994765 -0.40871888399124146 -0.7595275544183573 0.5989562074451826 0.25371116578139213 0.09835930913686752
0.3178072737131842 0.6850386570497345 -0.6555307583344121 0.24959897994995117 -0.528018772798868 -0.44637600108464337 -0.7224573629133142 -0.4234282076358795 -0.787524420159128 0.5757347514291444 0.21985173105948153 0.0991017296910286
0.29836944617399186 0.6697027158093602 -0.680054369905372 0.26280632615089417 -0.5190181482162193 -0.48410926041873337 -0.7044560921725596 -0.4269116222858429 -0.8009967761558294 0.5631487338300551 0.20314445149590885 0.10144517570734024
0.2980310347522348 0.6680984515440045 -0.6817785280932627 0.2672634422779083 -0.5183952932792528 -0.4864511820426145 -0.703300481583271 -0.4333595633506775 -0.8015259335981775 0.5630361502904114 0.20136154358696062 0.10208109766244888
0.29757335000125107 0.6673997551584091 -0.6826621918515249 0.26926881074905396 -0.5182659990725772 -0.48759308185184114 -0.7026046831152827 -0.4362610876560211 -0.8017795554729094 0.562877032170188 0.20079589408387988 0.10235326737165451
0.2784815326936718 0.6487493362708778 -0.7082177169745747 0.9447143077850342 -0.5099240851134759 -0.5250049042129981 -0.6814303177680642 -1.4262691736221313 -0.8138952410290698 0.5509030307054009 0.18460874136897212 0.34761515259742737
0.2601759810234078 0.6285578670844154 -0.7329552964709362 1.337309718132019 -0.5009683632520061 -0.5610579626797917 -0.6589724285083616 -1.951189398765564 -0.8254327095039992 0.5386362132644742 0.16891380003124218 0.4754650294780731
0.26040892636996016 0.6269193176602775 -0.7342747171265105 1.3478045463562012 -0.501423329173763 -0.5620946933209447 -0.6577417431642403 -1.966122031211853 -0.8250829267577562 0.5394642943558039 0.16797749577860083 0.47888079285621643
0.2605237559379525 0.6264867391200765 -0.7346031161781685 1.3504281044006348 -0.501607887119344 -0.5622940456956905 -0.6574305543210178 -1.9698549509048462 -0.8249344823509621 0.5397589942574988 0.1677597327921209 0.4797345995903015
0.26086966719724014 0.6243887498318389 -0.7362646982029183 1.363546371459961 -0.5023482692099325 -0.5634797446044346 -0.6558481484629701 -1.9885212182998657 -0.8243744496029618 0.5409521850440704 0.1666658343448331 0.48398613929748535
0.26086966719724014 0.6243887498318389 -0.7362646982029183 1.363546371459961 -0.5023482692099325 -0.5634797446044346 -0.6558481484629701 -1.9885212182998657 -0.8243744496029618 0.5409521850440704 0.1666658343448331 0.48398613929748535
0.26086707458715985 0.6235488738907583 -0.7369770493481493 1.3766636848449707 -0.5024668744300383 -0.564150807925581 -0.6551800561810643 -2.0071864128112793 -0.8243029840397555 0.5412214590964419 0.16614428282873034 0.4882218837738037
0.24300582144553673 0.6047867964603103 -0.7584069498434566 1.6974294185638428 -0.49166744185893924 -0.597176848337033 -0.6337530579225122 -2.3964147567749023 -0.8361885537122992 0.5268896873516541 0.15223652650730618 0.5775737762451172
0.24300582144553673 0.6047867964603103 -0.7584069498434566 1.6974294185638428 -0.49166744185893924 -0.597176848337033 -0.6337530579225122 -2.3964147567749023 -0.8361885537122992 0.5268896873516541 0.15223652650730618 0.5775737762451172
0.2260565655698915 0.5857419022320534 -0.7783346665363952 1.9530234336853027 -0.48069282493064996 -0.6278809525715131 -0.6121273702899435 -2.6170568466186523 -0.8472501621262384 0.5125153006179091 0.1396253179391098 0.6523234844207764
0.2260565655698915 0.5857419022320534 -0.7783346665363952 1.9530234336853027 -0.48069282493064996 -0.6278809525715131 -0.6121273702899435 -2.6170568466186523 -0.8472501621262384 0.5125153006179091 0.1396253179391098 0.6523234844207764
0.22633780422340632 0.5860148807821125 -0.7780474007933279 1.9716613292694092 -0.4816293958425596 -0.6269649969066312 -0.6123299908661983 -2.641406536102295 -0.8466429728283688 0.513323925173758 0.140336112261057 0.6582648754119873
0.21062628156198715 0.5653567695593996 -0.7975012806439438 2.1303136348724365 -0.4714042246424702 -0.6559426741082738 -0.5895059501590446 -2.771798849105835 -0.8563963022483235 0.5001109190940011 0.1283528032352686 0.7076478004455566
0.19549848104662226 0.5439379706209635 -0.8160342076317705 2.244011640548706 -0.4608063095518411 -0.6835654037277735 -0.5660352320339249 -2.8565425872802734 -0.8657008080079841 0.48669273976836175 0.11701405074216295 0.7421836853027344
0.19599401961215446 0.5438317598177712 -0.8159861281233749 2.2650697231292725 -0.46199608689466964 -0.6827754878418784 -0.5660187707985472 -2.88260555267334 -0.864954310914908 0.48791869221806977 0.11742823261007251 0.7488152980804443
0.19599401961215446 0.5438317598177712 -0.8159861281233749 2.2650697231292725 -0.46199608689466964 -0.6827754878418784 -0.5660187707985472 -2.88260555267334 -0.864954310914908 0.48791869221806977 0.11742823261007251 0.7488152980804443
0.18127938943198718 0.521239410665634 -0.8339348054471097 2.357736349105835 -0.45054645612725175 -0.7097391488184104 -0.5415516886740297 -2.9471123218536377 -0.8741542620375081 0.4738985307040542 0.10618148971547862 0.7849014401435852
0.18127938943198718 0.521239410665634 -0.8339348054471097 2.357736349105835 -0.45054645612725175 -0.7097391488184104 -0.5415516886740297 -2.9471123218536377 -0.8741542620375081 0.4738985307040542 0.10618148971547862 0.7849014401435852
0.1552893536928459 0.47818350169892426 -0.8644222089538268 2.617833375930786 -0.4239887718408623 -0.758081845493894 -0.49552541497429764 -3.176426410675049 -0.8922548615628473 0.4434551321560362 0.08502239576686273 0.8839048147201538
0.14258304953362855 0.45571002163565444 -0.87863442350418 2.7353477478027344 -0.40774480160610105 -0.7818366691481549 -0.4716731914562465 -3.275705099105835 -0.9018948113549011 0.4255112207170935 0.07433673583738289 0.9230855703353882
0.12968397542068344 0.43092857374527377 -0.8930188300640426 2.8111026287078857 -0.3929703628190743 -0.8045388442643856 -0.44529938470154135 -3.3003833293914795 -0.910360566185142 0.4086781281150123 0.065006362269219 0.944896936416626
0.12989394841540136 0.43153122775777897 -0.8926972396254628 2.835212230682373 -0.3924663690560468 -0.8044171564451669 -0.4459632132548993 -3.327705144882202 -0.9105480280166555 0.40828156691985973 0.06487257346864114 0.9527456760406494
0.13009074410445898 0.4320147572155645 -0.8924346742738795 2.8593220710754395 -0.39214225625936405 -0.8042765974302575 -0.4465015181181625 -3.355027437210083 -0.9106595681999744 0.4080470614696121 0.06478230060634774 0.9605708122253418
0.11772270698231146 0.4054605337589491 -0.9065004797707861 2.9317128658294678 -0.3772222784871989 -0.8261645689410121 -0.41851577943900575 -3.3859598636627197 -0.9186102094325337 0.39122098689924667 0.055690416912575876 0.9862196445465088
0.11782927314420788 0.4053879597043372 -0.9065190921966633 2.956310510635376 -0.37675309727113365 -0.8263768355238255 -0.41851932978804773 -3.413320779800415 -0.9187890759510127 0.39084770414623593 0.055359787542051286 0.9941540956497192
0.10616615544228203 0.3776171087273732 -0.9198554596429728 3.015146017074585 -0.3616882178686053 -0.8470490437646017 -0.38947342722258566 -3.434511184692383 -0.9262345170061618 0.3740497783101249 0.046651718644749644 1.0182894468307495
0.10633744364071163 0.3768485050351782 -0.9201508312949079 3.0400896072387695 -0.36131940858089784 -0.8474937968968648 -0.3888477198134081 -3.4618098735809326 -0.9263588036299483 0.3738174266591752 0.04604235510053266 1.0263328552246094
0.09517882688681656 0.34778362495476745 -0.9327312266273555 3.102214813232422 -0.34556986798042444 -0.8671714465200719 -0.3586016573919849 -3.4779715538024902 -0.9335536713314567 0.3564550919170719 0.03764718037184793 1.051936149597168
0.09548243542587198 0.3458884644288178 -0.9334046682442823 3.1528563499450684 -0.34553886734647155 -0.8678655049476427 -0.35694867484680604 -3.532341957092285 -0.9335341427489741 0.356609920637449 0.036651996192438877 1.06841242313385
0.09548243542587198 0.3458884644288178 -0.9334046682442823 3.1528563499450684 -0.34553886734647155 -0.8678655049476427 -0.35694867484680604 -3.532341957092285 -0.9335341427489741 0.356609920637449 0.036651996192438877 1.06841242313385
0.08508866235674672 0.3149971920244048 -0.94527069591471 3.2419333457946777 -0.3303096149031445 -0.8861449226000052 -0.3250272826283482 -3.5685274600982666 -0.9400295090266456 0.33988813625510966 0.028645715074895276 1.0969229936599731
0.07538096973147745 0.2844935652730346 -0.9557097471097487 3.31345272064209 -0.31557764508498254 -0.9023665026063543 -0.2935054427035272 -3.59476900100708 -0.945900871827994 0.3237253562701172 0.021758547351026107 1.1177009344100952
0.07555579589156991 0.2828186988967223 -0.9561929226163287 3.3525025844573975 -0.31654883247736665 -0.9025280668494217 -0.2919587731277512 -3.635056734085083 -0.9455623503314879 0.3247409307485134 0.021334702533237358 1.1305590867996216
0.06647691878260831 0.25286557251459085 -0.9652149094922018 3.3995707035064697 -0.30177862679723777 -0.9169543066380282 -0.26100662816554554 -3.63517165184021 -0.9510575585512921 0.30863214637306013 0.015353128268011022 1.1480233669281006
0.06704163216451142 0.2504138040350713 -0.9658148612986879 3.431124687194824 -0.30371518581333656 -0.9169340536563798 -0.2588223853372236 -3.6671435832977295 -0.950401233933905 0.31068451521433244 0.014581719478390395 1.158535361289978
0.06744227290182014 0.2488391098966865 -0.9661938921415625 3.449533224105835 -0.3052658267413188 -0.9168113632373843 -0.2574290179112454 -3.6857950687408447 -0.9498759470845526 0.31230757535582443 0.014130234449240392 1.1646924018859863
0.05856887135413491 0.21583803171849325 -0.9746710375158324 3.548356056213379 -0.28829735411323887 -0.9310893857701316 -0.22351105412821204 -3.738790512084961 -0.9557480436389124 0.2940858714220822 0.007692679007079742 1.2101271152496338
0.05806904936287349 0.21526193222546555 -0.9748283367037764 3.5750272274017334 -0.28646799283738933 -0.9318172926521802 -0.22282868350838184 -3.7653534412384033 -0.9563284344752119 0.2921965667986539 0.00755590929472877 1.219201922416687
0.049561539953815514 0.18628928499539954 -0.9812440858692136 3.643428087234497 -0.26891986986274424 -0.9436806271622523 -0.19274070019500866 -3.7850847244262695 -0.9618865615811517 0.27342855778897773 0.0033266251710431334 1.2716307640075684
0.049561539953815514 0.18628928499539954 -0.9812440858692136 3.643428087234497 -0.26891986986274424 -0.9436806271622523 -0.19274070019500866 -3.7850847244262695 -0.9618865615811517 0.27342855778897773 0.0033266251710431334 1.2716307640075684
0.049133840472418866 0.186513044785088 -0.9812230887241835 3.670510768890381 -0.267898673028129 -0.9439501656626649 -0.19284290429050222 -3.811580181121826 -0.9621934143976454 0.27234347590941826 0.0035867003467780706 1.281090259552002
0.04191997995843977 0.15793377599661662 -0.9865594952559802 3.764629602432251 -0.2541493354711771 -0.953261655928094 -0.163402358051489 -3.8650717735290527 -0.9662560895331231 0.2575832636967675 0.00017805470633920758 1.356431484222412
0.035703979734285185 0.12842774381222521 -0.9910759508990397 3.8592216968536377 -0.2429025191777614 -0.9608535706152151 -0.1332620801769576 -3.9281251430511475 -0.969393414465062 0.24549283177985884 -0.0031108739085559376 1.4211636781692505
0.029642628899843815 0.09882917246333839 -0.9946628118222366 3.914196729660034 -0.22824277971048734 -0.9681410316028671 -0.1029960020436049 -3.9593558311462402 -0.9731528903835903 0.23007767731170278 -0.006141200282996272 1.4755735397338867
0.029742748742091374 0.09862976350902491 -0.9946796160811876 3.9226601123809814 -0.2291732544521285 -0.967938749557538 -0.1028309124184462 -3.967372179031372 -0.9729311323732451 0.23101243874550131 -0.006185855136617172 1.4788860082626343
0.030570296449699108 0.09748821820357609 -0.9947670603143579 3.9790825843811035 -0.23590328602931945 -0.9664129503637845 -0.10195905555532689 -4.020812511444092 -0.9712955763389157 0.23778573691594093 -0.00654573936208222 1.5009160041809082
0.02473539576069128 0.0681921718817525 -0.9973655237126513 3.999976873397827 -0.2192735635987418 -0.9730057422015523 -0.07196478270316807 -4.02595329284668 -0.9753498164777958 0.2204759699759935 -0.009114941572730491 1.5523484945297241
