0.9994208749077087 -0.0014638976346478812 -0.033996643987685156 -0.0017673553666099906 -0.0010953032021929223 0.9971725708251419 -0.07513763574183513 -0.0005589380743913352 0.03401051469186262 0.07513135828462511 0.9965934797562656 -0.005805958062410355
0.9994359048118762 -0.0015414823711048834 -0.03354841285316037 0.6073563694953918 -0.0009752887641044075 0.9971925490575302 -0.07487368640565187 0.23706938326358795 0.03356964379753135 0.07486416990954256 0.9966285341485372 0.7635678648948669
0.9994414987174466 -0.0015822311229612175 -0.03337944256721285 0.607953667640686 -0.0009264428747075989 0.9971825613636177 -0.07500720642641394 0.23730415105819702 0.033404076772517326 0.07499623895215214 0.9966241677774061 0.7643714547157288
0.9994620846651292 -0.0016781767347394559 -0.03275248142784266 0.611238420009613 -0.0008043307991381491 0.9971351695083419 -0.07563601510878074 0.23859508335590363 0.03278558172123467 0.07562167316594581 0.9965974454004902 0.7688040137290955
0.9994666690486104 -0.0018490009774386853 -0.03260304673279602 0.6139265298843384 -0.0006422431202850502 0.9970896078617264 -0.0762358276529028 0.2396511733531952 0.032649119201747186 0.07621610780887517 0.9965566416043877 0.7724425792694092
0.999462616678125 -0.0020830005453424294 -0.03271297864217711 0.6169127821922302 -0.0004351609287928278 0.9970477857458129 -0.07678231290041855 0.2408246248960495 0.03277634051997698 0.07675528677622039 0.9965110824541886 0.776482343673706
0.999462616678125 -0.0020830005453424294 -0.03271297864217711 0.6169127821922302 -0.0004351609287928278 0.9970477857458129 -0.07678231290041855 0.2408246248960495 0.03277634051997698 0.07675528677622039 0.9965110824541886 0.776482343673706
0.9994662641221871 -0.002399309733818171 -0.03257959782501788 0.6198976039886475 -0.00014067951208850062 0.9969738589861133 -0.07773740867569727 0.24199922382831573 0.03266752348914106 0.0777005007135649 0.9964414007346081 0.7804821729660034
0.9994645534033009 -0.0025472830539704384 -0.032620819109634255 0.6210909485816956 -8.477527766001698e-06 0.9969448390915878 -0.07810881983988496 0.24246960878372192 0.03272012253143389 0.07806727328202925 0.9964110067757366 0.7820665836334229
0.9994624817688513 -0.0027138234086913297 -0.03267082335900089 0.6228801012039185 0.0001384797818567284 0.9969083931931584 -0.07857249139734018 0.2431764006614685 0.03278304988555238 0.07852573300225552 0.9963729125667056 0.7844256162643433
0.9994763699301707 -0.002856469436964972 -0.03223083203338446 0.6288295984268188 0.00028831012143958664 0.9968423925950545 -0.07940504519639303 0.24553515017032623 0.032355877804232616 0.0793541738519344 0.9963212394924614 0.7921291589736938
0.9995317544115851 -0.003231461916426044 -0.030427447753323997 0.6347728371620178 0.0007602563040932755 0.9967235511826714 -0.08088006261222037 0.24789786338806152 0.030589114620247833 0.08081905822073955 0.9962592965162543 0.7997105717658997
0.9996383764768765 -0.0034239692871736375 -0.026671946104382976 0.6419036388397217 0.0012035066220811822 0.9965632968503622 -0.08282600402378276 0.2507338225841522 0.026863876237155825 0.08276395232864103 0.9962070368896504 0.8087851405143738
0.9996670870860842 -0.0033256566764068227 -0.02558622685145463 0.6436862349510193 0.0011837119894481899 0.9965256044709686 -0.08327855942376029 0.2514426112174988 0.02577428607642632 0.08322054819238701 0.996197784847873 0.8110535740852356
0.9996769533435685 -0.0032258215915130783 -0.025210772078227178 0.6442804932594299 0.0011134558792698023 0.996519119242181 -0.08335709448387033 0.25167861580848694 0.025391911502002183 0.08330209517081605 0.9962007888826563 0.8118094205856323
0.9997173271261609 -0.0030565099955580446 -0.02357803194440847 0.6466570496559143 0.0010687134667239577 0.9964767024533908 -0.08386321791549801 0.25262367725372314 0.02375128828612325 0.0838143138984226 0.9961982920535881 0.8148275017738342
0.9997173271261609 -0.0030565099955580446 -0.02357803194440847 0.6466570496559143 0.0010687134667239577 0.9964767024533908 -0.08386321791549801 0.25262367725372314 0.02375128828612325 0.0838143138984226 0.9961982920535881 0.8148275017738342
0.9997524054891833 -0.00305521161095747 -0.02204072141749845 0.6496285200119019 0.001176984726525815 0.9964031795875689 -0.08473085869231169 0.2538047134876251 0.022220315604082434 0.08468393820433269 0.9961600715671451 0.8185991644859314
0.999753217035917 -0.003079234748742774 -0.022000530441262062 0.6499255299568176 0.0012028783602444251 0.9963975931800845 -0.08479616376101848 0.25392279028892517 0.02218238287437171 0.08474877355040097 0.9961554031734796 0.8189773559570312
0.9997210703345695 -0.003238968838802871 -0.02339424309448604 0.6555699706077576 0.0012222413137023592 0.9963192814126789 -0.08571111719896124 0.25616466999053955 0.023585751106838276 0.0856586164153044 0.9960453372103811 0.8261823058128357
0.9996564533085613 -0.0035047646493122364 -0.02597483365300044 0.6585404872894287 0.0012528972016012004 0.9962763432230719 -0.08620834172321049 0.2573445439338684 0.026180252236186204 0.08614618133624116 0.9959384668914205 0.8299958109855652
0.9995878749485089 -0.0037856612108828633 -0.028456089420729996 0.6615104675292969 0.0012976448683010308 0.9962119728751382 -0.08694838249226182 0.2585238814353943 0.02867745410108674 0.0868756229872414 0.9958063214083644 0.8338021636009216
0.9994829124777898 -0.005492804983872741 -0.031681804846377955 0.6674467325210571 0.002705437561810895 0.9961730685247187 -0.0873607357663917 0.2608821392059326 0.03204041623503006 0.08722984947513843 0.9956728203019457 0.8413853049278259
0.9994353267560081 -0.00966819809181495 -0.0321800182996981 0.6733814477920532 0.006825099693232018 0.9961573641772079 -0.08731508351765543 0.26323872804641724 0.032900541732453624 0.08704614719317061 0.995660847182682 0.8489338159561157
0.9992852465268279 -0.019268334113501304 -0.03252272089335527 0.6822763681411743 0.01646058967048883 0.9962879892581334 -0.08449432790244091 0.26677531003952026 0.03403006114476437 0.08389859212451595 0.9958930570990079 0.860243022441864
0.9987688624292751 -0.03701433923691733 -0.03302571925917987 0.6941199898719788 0.034453463337880304 0.9965879975569986 -0.07500214656499646 0.2714996933937073 0.035689190320839434 0.07377195819677199 0.9966363328105476 0.8752817511558533
0.9985551745745243 -0.04223463162716048 -0.0332234739568177 0.6970800161361694 0.03972204373590182 0.9965435016026607 -0.07296032247016823 0.2726818919181824 0.03619008941525831 0.07153520325564111 0.9967813160986163 0.8790189027786255
0.9981109402373755 -0.05138653762158927 -0.03367454126973891 0.7027024626731873 0.04889066962844665 0.9962658768768962 -0.07116182258761494 0.2749272584915161 0.037205556060142995 0.06938102277982136 0.9968961933302191 0.8860836029052734
0.9978681686819545 -0.05568275159595645 -0.034037466210418796 0.7059571146965027 0.05318309256832049 0.9961007622213418 -0.07039055452922165 0.2762286365032196 0.03782428579883361 0.06843027602432188 0.9969386243530959 0.8901499509811401
0.9978681686819545 -0.05568275159595645 -0.034037466210418796 0.7059571146965027 0.05318309256832049 0.9961007622213418 -0.07039055452922165 0.2762286365032196 0.03782428579883361 0.06843027602432188 0.9969386243530959 0.8901499509811401
0.9977536234998389 -0.05753480760344706 -0.0343140307596806 0.7074363827705383 0.05501291587120878 0.9960013284810239 -0.07039128320596963 0.2768212854862213 0.03822676915839581 0.06834544299417517 0.9969290920329493 0.8919897079467773
0.9972834019061415 -0.0649997566527087 -0.034653252626587305 0.7177892923355103 0.06244231377176533 0.9955642616609265 -0.07037583643810358 0.2809670865535736 0.03907395210804551 0.06802082430126052 0.9969184488853815 0.9047765135765076
0.9971843842809088 -0.06653814922046969 -0.034582921285212675 0.7237020134925842 0.06392871630926183 0.9953715320996389 -0.07175397073798392 0.28333529829978943 0.03919723175626855 0.06934109736607896 0.9968226468327821 0.912208616733551
0.9970655659396669 -0.06714571037636897 -0.03676561974813506 0.7355241179466248 0.06427039359358754 0.9951494298558329 -0.07447770649621253 0.28807148337364197 0.04158814404054386 0.07189621572560974 0.9965447107077532 0.9274033308029175
0.9970546930500942 -0.06723854456369305 -0.036890611159733876 0.7361148595809937 0.06435334404470316 0.9951428068036969 -0.07449457146077161 0.2883080840110779 0.04172033289711966 0.07190112788973622 0.9965388309700417 0.9281781315803528
0.9967712235380394 -0.07062419769028175 -0.038201447971038485 0.7429046630859375 0.06755267432234544 0.9947812659457135 -0.07646482273138955 0.2910309135913849 0.04340235153052298 0.07363732493815686 0.9963401930352771 0.9371842741966248
0.9966338026304405 -0.07261885306533604 -0.03804688730846709 0.7452659606933594 0.06951138021436003 0.9945693482846377 -0.07745953442517964 0.29197758436203003 0.04346529046357263 0.07455409869447854 0.9962692682667529 0.940354585647583
0.9962490242015177 -0.07758667156920984 -0.03831696976974157 0.750281035900116 0.07436142085182709 0.9940629495096227 -0.07943067103535499 0.29398858547210693 0.04425224137172239 0.07628342419582969 0.9961036985808948 0.947156548500061
0.9959995363534028 -0.08078042245075562 -0.03820270844435352 0.75323086977005 0.07754059676684447 0.9937907230621139 -0.07979633205055527 0.29517146944999695 0.04441147866090984 0.07651484891417028 0.9960788615660877 0.9511622786521912
0.9957238957404037 -0.08433580800795293 -0.03770139174088229 0.7561793327331543 0.08112660965672439 0.9935046642833714 -0.0797932030488244 0.29635512828826904 0.04418593279720638 0.07639341290210266 0.9960982129328461 0.9551408886909485
0.995412823695885 -0.08809909080674336 -0.03730764828838703 0.7591255307197571 0.08491912485160011 0.9932013435877151 -0.0796230703376603 0.2975374162197113 0.044068726510113156 0.07608969243322539 0.9961266516107247 0.9590837359428406
0.995412823695885 -0.08809909080674336 -0.03730764828838703 0.7591255307197571 0.08491912485160011 0.9932013435877151 -0.0796230703376603 0.2975374162197113 0.044068726510113156 0.07608969243322539 0.9961266516107247 0.9590837359428406
0.9946324724059994 -0.09671588957736645 -0.036773380845221096 0.765017569065094 0.09358984232627544 0.9924802486290466 -0.07889168203662969 0.2999003827571869 0.04412693337262304 0.07502661384125264 0.9962047083640208 0.9668750762939453
0.9941882466013251 -0.10133399851598544 -0.03634764180170435 0.7679615020751953 0.0982609857806216 0.992084360608083 -0.0781882351141871 0.30108118057250977 0.04398305347748405 0.07416226925878944 0.9962757895408196 0.9707233905792236
0.9937965821601403 -0.10518904585866598 -0.036105649394061495 0.018250923603773117 0.1021676629292867 0.9917639065730747 -0.07724067756358324 0.007088702172040939 0.043933153066802386 0.07307269154928697 0.9963584996432517 -0.0015780316898599267
0.9928096223667165 -0.11440792751038016 -0.03521192779211715 -0.0005482432898133993 0.11152622580309536 0.9909191228995392 -0.07510787462127412 -0.00023654891992919147 0.04348510887849608 0.0706407672296079 0.9965535245590362 -0.0260304044932127
0.9925810284707255 -0.11642828500893258 -0.03503364625436122 -0.004726119339466095 0.11357581477317279 0.9907218077674673 -0.07463801921655905 -0.0018643219955265522 0.043398573923654434 0.07010530695917577 0.9965951082147417 -0.03147399052977562
0.9920371575624282 -0.12074801949614841 -0.03580773384641843 -0.014125893823802471 0.11788126286218814 0.9902992781091522 -0.07356186269057981 -0.0055274055339396 0.04434282220916795 0.06875504028251149 0.996647610017842 -0.04372410476207733
0.9912033201335103 -0.1261724646808693 -0.03995606728221198 0.016382640227675438 0.1231030566764084 0.9897995574525605 -0.07171104171353541 0.01750737428665161 0.048596456591307534 0.06616150862148042 0.9966248236842683 -0.006579889915883541
0.9907541749010144 -0.12856246220494838 -0.0433342615953195 0.006827713456004858 0.12539168190716116 0.9896829160610683 -0.0693155953978162 0.013981535099446774 0.05179856199455421 0.06324095958049392 0.9966531442817178 -0.019113292917609215
0.9907460309559586 -0.12791605865849215 -0.04538484419155803 0.033816881477832794 0.1246354407163411 0.9898033699168016 -0.06895865296528489 0.029736343771219254 0.0537429908216711 0.06266395166776803 0.9965866345175021 0.006425891071557999
0.9903610857397265 -0.13004000330226528 -0.047691900712563504 0.017801616340875626 0.12680362842022053 0.9897586956156226 -0.06556343701124898 0.02402125485241413 0.05572934300614732 0.05888397060667876 0.9967080406687281 -0.01490000355988741
0.9905664935840387 -0.1285187851896414 -0.0475493810895732 0.03554157540202141 0.1251380458625476 0.9897845614394163 -0.06831538197130547 0.03431110829114914 0.055843453209177385 0.06172069174564755 0.9965300120639183 0.0024068476632237434
0.9905033238934321 -0.12905348571634273 -0.04741690817129023 0.032158952206373215 0.12566120117867402 0.989694389536889 -0.06866059887255097 0.0331324078142643 0.0557891376021861 0.062050085766792155 0.9965125985063802 -0.002120146993547678
0.9906004666115777 -0.1293549153226762 -0.044474952847504017 0.034625399857759476 0.12571207207419158 0.9890931762399832 -0.07675391618878341 0.03885795548558235 0.0539183687043451 0.0704414267130131 0.9960576363438501 -0.0024996541906148195
0.9905217180974047 -0.13032915252290012 -0.04337093473777219 0.026508087292313576 0.12663990149012155 0.9887929927314046 -0.07906170296575248 0.03611162677407265 0.053188921101463976 0.07281984295461787 0.9959258050397766 -0.013332725502550602
0.9909167065982298 -0.1273273408659924 -0.04326463743651375 0.050791941583156586 0.12348384578254445 0.9889361484427499 -0.08220118085509538 0.05016150325536728 0.053252421684561735 0.07611203959436842 0.9956762209742256 0.015474985353648663
0.9908559178111184 -0.12876640201054243 -0.04029595329490972 0.03619106486439705 0.12492019271992114 0.9883757340220333 -0.08665075791488817 0.04541892930865288 0.05098524874416065 0.08082463801135249 0.9954234688316475 -0.004064350388944149
0.9908619899898018 -0.128755751260309 -0.0401805090913915 0.03542260453104973 0.12491072849252789 0.9883628678364317 -0.08681100961059138 0.045169077813625336 0.05089033995677312 0.08099875307396803 0.995414172743962 -0.005088362377136946
0.9908484129247861 -0.12948660406900409 -0.038113540521835854 0.02005515992641449 0.12562854459610195 0.9879464097625511 -0.09043981545730102 0.040173064917325974 0.04936488009808057 0.08482399898591446 0.9951723457818448 -0.025549978017807007
0.991220842246925 -0.12680894569071646 -0.037426370223487965 0.04669560492038727 0.12276765314827538 0.9878267774554483 -0.09553198983821497 0.05938384309411049 0.04908508160084295 0.090098551790764 0.9947225270041117 0.009482307359576225
0.991562779458247 -0.12425835877603572 -0.03692038281656773 0.06439881026744843 0.12011595955390117 0.9878393229707876 -0.09871994860747094 0.07391725480556488 0.0487381847577595 0.09345229942008978 0.9944301167400434 0.034021638333797455
0.9915775288296073 -0.12415705863092931 -0.03686501203425104 0.057590000331401825 0.11996328910134037 0.9877411153169442 -0.09988142159794952 0.07202819734811783 0.04881407162036088 0.0946177251076937 0.9943161833678898 0.02491740882396698
0.9916048591226841 -0.12397059638681969 -0.0367572386854319 0.05078079551458359 0.11973324640386503 0.9876559740414672 -0.1009932009879474 0.07013704627752304 0.04882369373442473 0.09574428532135401 0.9942078649650837 0.015780117362737656
0.9919482528892267 -0.12129860387954139 -0.03640483878394187 0.06584075093269348 0.11689933738616437 0.987553475675584 -0.10522679126415228 0.08443605899810791 0.04871558794355669 0.10012383022012226 0.9937816712504642 0.037469472736120224
0.9919813389990195 -0.12093862069682222 -0.03669976977669559 0.05681207403540611 0.11643996210807876 0.9874525637360475 -0.10667319061215001 0.08215838670730591 0.0491401902924834 0.10154449465656455 0.9936166047842404 0.025284545496106148
0.9919620713374865 -0.12115011782231945 -0.036522568084425486 0.046491146087646484 0.11660122792539947 0.9872853799683602 -0.10803579104639216 0.079556904733181 0.04914674632295021 0.10290883077933002 0.9934759030160212 0.011301560327410698
0.9918765515529611 -0.12187782377287887 -0.03642392828613204 0.041329145431518555 0.11730607773146134 0.9871362513515362 -0.10863381331287764 0.07825607806444168 0.049195432782592294 0.10347858396800705 0.9934143103727214 0.004288681782782078
0.9917957666719912 -0.1227837846848558 -0.0355710476368104 0.05684664100408554 0.11813643841750492 0.986672876616062 -0.11189466684436918 0.0951685681939125 0.04883583857726139 0.10677442001082597 0.9930832211359768 0.027357876300811768
0.9917422995679265 -0.12346817437922598 -0.0346817122296772 0.06965447962284088 0.11883352019047554 0.9864031420345241 -0.11352284291524019 0.11597219854593277 0.048226608079575115 0.10846405533576318 0.9929298781753219 0.05056333541870117
0.9913568347207905 -0.1266183653483836 -0.03434262379141167 0.06393755227327347 0.12206631883158019 0.9861564222197147 -0.11222889432636675 0.11499644070863724 0.048077438152237216 0.10706680377836557 0.9930887470258651 0.042839568108320236
0.9910110523270601 -0.1292472708238416 -0.034528787268037354 0.05993572250008583 0.12470208246402195 0.9859208351374215 -0.11139792399800671 0.11431345343589783 0.04844052843176986 0.10609076221103303 0.9931758481652345 0.03743138536810875
0.9900461460909055 -0.13657241784517993 -0.0340088708202293 0.06811297684907913 0.13207893544612914 0.985038284823544 -0.1107010941378079 0.13214057683944702 0.04861875586605144 0.10510733616552242 0.9932716972018407 0.051443468779325485
0.9900461460909055 -0.13657241784517993 -0.0340088708202293 0.06811297684907913 0.13207893544612914 0.985038284823544 -0.1107010941378079 0.13214057683944702 0.04861875586605144 0.10510733616552242 0.9932716972018407 0.051443468779325485
0.9897411419970339 -0.13893440406128557 -0.03331220807065406 0.07976707816123962 0.13442673925682433 0.9845447121652732 -0.1122548953060717 0.14816302061080933 0.04839342528882286 0.106625236766606 0.9931209066741472 0.06720078736543655
0.9884004674134631 -0.1480774692612261 -0.03372801675222319 0.06997767090797424 0.14356687578722083 0.9834553477750864 -0.11047230924209325 0.1473243534564972 0.04952845842083433 0.10434865609951388 0.9933067450574777 0.05433736369013786
0.988897234214141 -0.14493734832223545 -0.03279367659993895 0.08802997320890427 0.1403485002447131 0.9834712877309241 -0.11439634910231063 0.1636449545621872 0.04883194285180707 0.10852368990315873 0.9928937758326017 0.07894334197044373
0.987602438754971 -0.15364513561723978 -0.032165125001992236 0.07823911309242249 0.14903424487344916 0.9820923974584334 -0.11525327201145955 0.16322945058345795 0.04929722933628807 0.10903070739707549 0.9928152335778591 0.06621722877025604
0.9870743805246981 -0.1571384334582746 -0.03149095174908011 0.07334363460540771 0.1525334405348917 0.98144012968465 -0.11622745528990214 0.16302189230918884 0.049170284017607105 0.10992172021423674 0.992723273926209 0.059864792972803116
0.9866267285341653 -0.15993288179950227 -0.031451102703673045 0.06844703108072281 0.15527842966783878 0.9809192192906483 -0.11698758270053759 0.16281546652317047 0.049561152345971526 0.11053939815980325 0.9926352470230986 0.05350789800286293
0.986873838184411 -0.15864539543622222 -0.030193807544818655 0.08538366854190826 0.15385542805153776 0.9804392306183914 -0.12274942901494368 0.180652916431427 0.04907682514432801 0.11649271896260854 0.9919782818501883 0.0772029384970665
0.9872068140033716 -0.1567690139329224 -0.029089218893113254 0.0955621600151062 0.15182243506109058 0.9799702191867276 -0.1288732622355697 0.1984015852212906 0.048709902457644075 0.12280816657542025 0.9912343313389375 0.09405567497015
0.9872068140033716 -0.1567690139329224 -0.029089218893113254 0.0955621600151062 0.15182243506109058 0.9799702191867276 -0.1288732622355697 0.1984015852212906 0.048709902457644075 0.12280816657542025 0.9912343313389375 0.09405567497015
0.9872068140033716 -0.1567690139329224 -0.029089218893113254 0.0955621600151062 0.15182243506109058 0.9799702191867276 -0.1288732622355697 0.1984015852212906 0.048709902457644075 0.12280816657542025 0.9912343313389375 0.09405567497015
0.9869929597999789 -0.1581208477704551 -0.02902920607990855 0.09116476774215698 0.15312393381007 0.9796397382171685 -0.1298423821420679 0.19868150353431702 0.048968951385613024 0.12370845082754071 0.9911096109886349 0.08831565827131271
0.9869929597999789 -0.1581208477704551 -0.02902920607990855 0.09116476774215698 0.15312393381007 0.9796397382171685 -0.1298423821420679 0.19868150353431702 0.048968951385613024 0.12370845082754071 0.9911096109886349 0.08831565827131271
0.9869256523790024 -0.1585399751068948 -0.029031585719447778 0.08896572887897491 0.1535271190532794 0.9795430494165306 -0.13009549590575603 0.19882161915302277 0.049063024687442974 0.12393744645130296 0.991076348711667 0.08543550223112106
0.9874426107999897 -0.15563792954742425 -0.02709105503096681 0.09776554256677628 0.15058817326050236 0.9791439547541578 -0.13638298259846252 0.21444636583328247 0.04775240779861046 0.13059077591690235 0.990285694532066 0.10026279836893082
0.9874354216977818 -0.15570405696311743 -0.02697284971504036 0.09692713618278503 0.15065761566515687 0.9790997108323445 -0.13662371349845986 0.21454313397407532 0.047681975825397134 0.13084342892650608 0.9902557378213673 0.09916401654481888
0.9874536719602871 -0.1555783698229449 -0.027029920003222907 0.08937790244817734 0.15048016087714108 0.9789954302991861 -0.137563325911019 0.21541549265384674 0.04786404615716659 0.13176994458732416 0.9901240906012327 0.08925024420022964
0.9874329109187727 -0.155586425306498 -0.027732845054636572 0.0851818323135376 0.15035837608304922 0.9789077892177751 -0.13831810781830517 0.2158992439508438 0.048668317991762265 0.13240998628922773 0.9899994900780198 0.08372850716114044
0.9872912822263741 -0.1561544848528803 -0.029524581286340883 0.08098519593477249 0.15063627096884674 0.9787319370412062 -0.13925699007291717 0.21638157963752747 0.05064225417971 0.13303973946118483 0.9898160383706144 0.07822871208190918
0.9870439894987454 -0.15717819972989705 -0.03223625791045137 0.07594961673021317 0.15123344609713263 0.9784892321796254 -0.14031132274379304 0.21696020662784576 0.05359671236173187 0.13361824739980604 0.9895825162086374 0.07167039066553116
0.9869178772905384 -0.1576805481116993 -0.03361470260960328 0.07259149849414825 0.15150828727265564 0.9783464484612931 -0.14100874324268214 0.21734344959259033 0.05512116083723592 0.13407114354091376 0.9894375099507736 0.06732578575611115
0.9868380962030554 -0.15811979579590446 -0.033892507428493146 0.06839395314455032 0.15186512531049495 0.9781847595462345 -0.141744699745362 0.21782256662845612 0.05556577720824797 0.13473197975587178 0.9893228684480646 0.06190357729792595
0.987454666993585 -0.15452485979441266 -0.03248612531689958 0.09765076637268066 0.14820251122932104 0.9779652293878497 -0.1470374978489965 0.2374277412891388 0.054491249737101566 0.14037833812197587 0.9885973021853747 0.10432659089565277
0.987526985280892 -0.15471031546419953 -0.029243317715346096 0.08617004752159119 0.14874297795429217 0.9775927343161097 -0.1489562765432896 0.2396123707294464 0.051633127460204806 0.14274860455121754 0.988411278794085 0.08959249407052994
0.987526985280892 -0.15471031546419953 -0.029243317715346096 0.08617004752159119 0.14874297795429217 0.9775927343161097 -0.1489562765432896 0.2396123707294464 0.051633127460204806 0.14274860455121754 0.988411278794085 0.08959249407052994
0.9880593023544556 -0.1515428416678364 -0.027813345179312214 0.10748980939388275 0.14545442036979503 0.9769912764719048 -0.15598415718490452 0.26916277408599854 0.05081167804465283 0.15007602352486263 0.9873678952332061 0.11685580015182495
0.9880593023544556 -0.1515428416678364 -0.027813345179312214 0.10748980939388275 0.14545442036979503 0.9769912764719048 -0.15598415718490452 0.26916277408599854 0.05081167804465283 0.15007602352486263 0.9873678952332061 0.11685580015182495
0.9879732673984539 -0.15196976179690133 -0.0285309376890451 0.10193385183811188 0.14569406190713022 0.9767266855309336 -0.15741099738187977 0.2708780765533447 0.05178863998044754 0.15136106920588902 0.9871209467425083 0.10954008996486664
0.9885300255220865 -0.14852865464933482 -0.027342775816689542 0.4290066361427307 0.14213961927703142 0.9761817276912158 -0.16390717846870992 1.0184369087219238 0.051036430841935494 0.1581406755703655 0.9860967546123782 0.48170006275177
0.9884306668165251 -0.14896529488996219 -0.02853345080753605 0.4304651916027069 0.14229778365815238 0.9758900640269681 -0.16549901419470076 1.045401930809021 0.05249912058898833 0.15952405414791432 0.9857970980306222 0.48136210441589355
0.9882991215941419 -0.14965804242838643 -0.029450239264746193 0.43170469999313354 0.1427139599169916 0.9754485668115982 -0.167728408893695 1.068373441696167 0.053829099017713676 0.161562878910047 0.9853932536085472 0.48092183470726013
0.9882991215941419 -0.14965804242838643 -0.029450239264746193 0.43170469999313354 0.1427139599169916 0.9754485668115982 -0.167728408893695 1.068373441696167 0.053829099017713676 0.161562878910047 0.9853932536085472 0.48092183470726013
0.9883335951424959 -0.15013578679505607 -0.025611525455128112 0.7674170732498169 0.14318416399697803 0.9732354219106187 -0.17975291018213424 1.8385200500488281 0.05191338838099192 0.17398867509665505 0.9833783305752242 0.829129695892334
0.9878687531237638 -0.15326686879316717 -0.02499186931860919 0.7717299461364746 0.1464111256470815 0.9728805327457414 -0.17907331261557924 1.8567742109298706 0.051760109046010236 0.17324184233233186 0.9835182536063297 0.8329936861991882
0.9873000964390577 -0.15728779358143077 -0.02233986485439265 0.84480220079422 0.15066079965711457 0.9716105842874192 -0.18241215953805964 2.0341856479644775 0.05039685524024376 0.1767298008003884 0.9829683283254598 0.8855233192443848
0.9873000964390577 -0.15728779358143077 -0.02233986485439265 0.84480220079422 0.15066079965711457 0.9716105842874192 -0.18241215953805964 2.0341856479644775 0.05039685524024376 0.1767298008003884 0.9829683283254598 0.8855233192443848
0.9873000964390577 -0.15728779358143077 -0.02233986485439265 0.84480220079422 0.15066079965711457 0.9716105842874192 -0.18241215953805964 2.0341856479644775 0.05039685524024376 0.1767298008003884 0.9829683283254598 0.8855233192443848
0.9865720653004957 -0.1618873003251146 -0.021634739706329252 0.849841296672821 0.15535456950243587 0.9710269583930304 -0.18158084648082423 2.054032325744629 0.05040354852019154 0.17578153505822497 0.9831380036541904 0.8899992108345032
0.9861181475331167 -0.16470958435624922 -0.021017895400011817 0.8528650403022766 0.15828432637039058 0.970712346748121 -0.18073077185755396 2.0659408569335938 0.05017042088049383 0.17489509053128724 0.9833080067693575 0.8927030563354492
0.9856968757343927 -0.16747718757101288 -0.01878991247347962 0.9025965929031372 0.1612463791601983 0.969646927536193 -0.18380544368257046 2.1809067726135254 0.04900279966678259 0.17814664622979792 0.9827830371256376 0.924232006072998
0.98316206008267 -0.182123772651225 -0.014943060238288133 0.9588412046432495 0.1763263171888184 0.9669682314703385 -0.18406919675424788 2.343663454055786 0.047972841073136444 0.17833499589932067 0.9827996925909983 0.9648016095161438
0.9828986404654345 -0.18354940111443432 -0.014828348584149584 0.9629023671150208 0.17775120030521266 0.9667161391995127 -0.18402287086458713 2.3586127758026123 0.0481120916325275 0.17824007282797222 0.9828101052985885 0.9682351350784302
0.9825134687049057 -0.1856397461756933 -0.014323702498944223 0.9704441428184509 0.1798530505105984 0.966155351959293 -0.18492354123379406 2.3863747119903564 0.04816808108577955 0.17911370835376828 0.9826485208070458 0.9745675921440125
0.9831459341684246 -0.18245164875134692 -0.011639071956602139 0.9990417957305908 0.1767601902979826 0.9648753574070236 -0.1943486037883719 2.49092698097229 0.046689476907723265 0.18901571505190698 0.9808634727674895 1.0082523822784424
0.9832473028756055 -0.18203371619221564 -0.009405719382329463 1.039138674736023 0.1764013559422768 0.9632827914850685 -0.2024075721173992 2.6442201137542725 0.045905370160509607 0.19735751771337692 0.9792562009976963 1.0499176979064941
0.9837498984675693 -0.1793994239636993 -0.007209989357826862 1.0608508586883545 0.17392150291362496 0.9621443817540459 -0.20983207448669688 2.735598564147949 0.04458080404516104 0.20516830978642303 0.9777108552992901 1.070776104927063
0.9845705047052979 -0.17491666274588932 -0.005008229047840929 1.0795482397079468 0.16966971949372253 0.9612568379672533 -0.21724980494380036 2.810784101486206 0.04281480528130829 0.2130480052829376 0.9761031912117104 1.0858877897262573
0.9845574081031511 -0.1749896799451833 -0.005032103127688564 1.0801842212677002 0.16973556453372815 0.9612433815651583 -0.21725791016576596 2.8131511211395264 0.042854967992310734 0.21304875805754359 0.9761012644231726 1.0864641666412354
0.9853008554225812 -0.17080638730088124 -0.002720727981814039 1.100962519645691 0.16583106371139048 0.960181912693063 -0.22483494578343433 2.8992483615875244 0.04101563862575365 0.22107888319401398 0.97439306483257 1.101619839668274
0.9853008554225812 -0.17080638730088124 -0.002720727981814039 1.100962519645691 0.16583106371139048 0.960181912693063 -0.22483494578343433 2.8992483615875244 0.04101563862575365 0.22107888319401398 0.97439306483257 1.101619839668274
0.9861718735829338 -0.16572303122101145 -0.000955341219567276 1.1140615940093994 0.16096976761503362 0.9592257949027234 -0.23232436012437524 2.954463243484497 0.039417885127036104 0.22895796844870453 0.9726378971724029 1.118151307106018
0.9862002295429089 -0.165551193787167 -0.0013818412202050087 1.1238319873809814 0.1607329521267725 0.9594310965166009 -0.2316395672970526 2.9910802841186523 0.039673988331483 0.22822088702087934 0.9728006997207992 1.1268770694732666
0.9870833181630354 -0.16020670675301316 0.0005780273401115033 1.1239171028137207 0.1556878972221433 0.9583780690271058 -0.23931726946968013 2.9975459575653076 0.03778626288479993 0.23631607630296803 0.9709412497252192 1.130677342414856
0.9871051211685932 -0.16007213450021113 0.0006257150176195991 1.1304302215576172 0.15557675359304657 0.958449134121836 -0.23910485365745177 3.022024393081665 0.037674308277464374 0.23611897225265333 0.9709935516975204 1.1364946365356445
0.9879746766070037 -0.15459788960213675 0.002351789499929962 1.139216661453247 0.15038263752099898 0.9572794532051648 -0.24698402945018205 3.0708484649658203 0.035931889951883525 0.24436763493103197 0.9690166965964516 1.148964285850525
0.9880396711261756 -0.154189375403786 0.0018013310271104664 1.1516214609146118 0.1498403734561584 0.9572822997465064 -0.2473023677091651 3.11780047416687 0.036407015304716545 0.24461446217390845 0.9689366822099222 1.1600462198257446
0.9880396711261756 -0.154189375403786 0.0018013310271104664 1.1516214609146118 0.1498403734561584 0.9572822997465064 -0.2473023677091651 3.11780047416687 0.036407015304716545 0.24461446217390845 0.9689366822099222 1.1600462198257446
0.9880244360719672 -0.1542838260852024 0.0020529815348076103 1.1581487655639648 0.14994793712998145 0.956950759473568 -0.24851732352780656 3.142512083053589 0.03637760128340473 0.24584902877878603 0.9686252759315097 1.1658515930175781
0.9886373362912394 -0.1502611808812468 0.004218389637763945 1.1759940385818481 0.14607159684477883 0.9536904237749111 -0.26294041947796243 3.2290992736816406 0.03548670013088222 0.2605689028264956 0.9648028508423973 1.185587763786316
0.9886373362912394 -0.1502611808812468 0.004218389637763945 1.1759940385818481 0.14607159684477883 0.9536904237749111 -0.26294041947796243 3.2290992736816406 0.03548670013088222 0.2605689028264956 0.9648028508423973 1.185587763786316
0.9886373362912394 -0.1502611808812468 0.004218389637763945 1.1759940385818481 0.14607159684477883 0.9536904237749111 -0.26294041947796243 3.2290992736816406 0.03548670013088222 0.2605689028264956 0.9648028508423973 1.185587763786316
0.989406617107501 -0.14503408908673135 0.006297541319683922 1.1819102764129639 0.1412302486143622 0.9516054998157595 -0.27294869407404043 3.2999072074890137 0.03359409025731313 0.2709466473739447 0.9620079788528798 1.1941419839859009
0.9894171522426062 -0.144960306578197 0.006341006614632072 1.1864491701126099 0.14113833123649702 0.9513499162296778 -0.273885575278367 3.317574977874756 0.03367002084805588 0.27188204502419855 0.9617413806681874 1.1981595754623413
0.9903199146624044 -0.1386273263672239 0.006995070215743922 1.2003471851348877 0.13489944820471605 0.9493728022654381 -0.2837136253209081 3.433788537979126 0.032689531919425495 0.28191088432862016 0.95888354235535 1.2121881246566772
0.9911125498043952 -0.13279895589843652 0.007768586262332034 1.2056176662445068 0.12932499720819005 0.9482143229246693 -0.2901114318630215 3.511734962463379 0.0311602104827906 0.288537753357851 0.9569613399557332 1.2088518142700195
0.9911195612540558 -0.13276826090289484 0.007389465230245942 1.2081568241119385 0.1291827263217506 0.9482007322895976 -0.2902192180155387 3.522109270095825 0.031525204513973434 0.28859653529155876 0.9569316596800737 1.2110308408737183
0.9917799087600796 -0.1276436615811484 0.00892794702076479 1.2099131345748901 0.12446669590144602 0.9462048190548327 -0.2986711938048066 3.6092004776000977 0.029675818290744428 0.29732732140785284 0.9543143139203174 1.2037745714187622
0.9917455136140352 -0.12794391914347214 0.008437403667138148 1.2142962217330933 0.12459587364073799 0.9460733444583876 -0.29903360208682606 3.627683401107788 0.030277128300663245 0.2976164989706209 0.9542052792991326 1.2075080871582031
0.9917455136140352 -0.12794391914347214 0.008437403667138148 1.2142962217330933 0.12459587364073799 0.9460733444583876 -0.29903360208682606 3.627683401107788 0.030277128300663245 0.2976164989706209 0.9542052792991326 1.2075080871582031
0.9917455136140352 -0.12794391914347214 0.008437403667138148 1.2142962217330933 0.12459587364073799 0.9460733444583876 -0.29903360208682606 3.627683401107788 0.030277128300663245 0.2976164989706209 0.9542052792991326 1.2075080871582031
0.9921205453031003 -0.12481326692994373 0.010884483715515283 1.2235013246536255 0.12207874286767025 0.9435259587729501 -0.30798627511860727 3.726940870285034 0.028170980233707694 0.3068882753052971 0.9513285354454644 1.2031832933425903
0.9921205453031003 -0.12481326692994373 0.010884483715515283 1.2235013246536255 0.12207874286767025 0.9435259587729501 -0.30798627511860727 3.726940870285034 0.028170980233707694 0.3068882753052971 0.9513285354454644 1.2031832933425903
0.991789988250455 -0.12734449704561102 0.011661829974871134 1.2328120470046997 0.1247131601002867 0.9430572433383964 -0.3083661192232131 3.7671308517456055 0.02827095513000393 0.3072888134299473 0.9511962669380344 1.2111058235168457
0.9918231730100502 -0.12652431496942715 0.016685059238526666 1.2330092191696167 0.1251354820288241 0.9384981417185083 -0.3218110456903561 3.9525742530822754 0.025058025015746825 0.3212675453767838 0.9466568859253528 1.1879297494888306
0.9909871183318012 -0.13190008158371969 0.02338588845096088 1.2378252744674683 0.13207961817653907 0.9329655957648606 -0.33485843513559355 4.20225715637207 0.02234962556224019 0.33492919490144024 0.9419781996627633 1.2018868923187256
0.9909871183318012 -0.13190008158371969 0.02338588845096088 1.2378252744674683 0.13207961817653907 0.9329655957648606 -0.33485843513559355 4.20225715637207 0.02234962556224019 0.33492919490144024 0.9419781996627633 1.2018868923187256
0.9909871183318012 -0.13190008158371969 0.02338588845096088 1.2378252744674683 0.13207961817653907 0.9329655957648606 -0.33485843513559355 4.20225715637207 0.02234962556224019 0.33492919490144024 0.9419781996627633 1.2018868923187256
0.9916447634532414 -0.12656462843864658 0.024941089470035736 1.2205915451049805 0.12741318814138058 0.9307550669799688 -0.34272566985675723 4.261020183563232 0.020162901661570223 0.34303993953955436 0.9391043910435541 1.203795075416565
0.9913251002162071 -0.12892001480435183 0.02557685407106301 1.2304787635803223 0.12983543392873992 0.9303108133930534 -0.34302266773566303 4.313350677490234 0.020428063487823892 0.3433677624163354 0.9389788463833125 1.212478756904602
0.9918879146617509 -0.12419489157176604 0.02709231727705689 1.2157143354415894 0.12576293993462062 0.9277765183785103 -0.3513038782655992 4.365978240966797 0.01849453127182319 0.3518612806958549 0.9358694307755268 1.2147777080535889
0.9918688407293921 -0.12432919073936848 0.027174530726871253 1.216774582862854 0.12591879518172053 0.9277807981282061 -0.35123674016903855 4.371851921081543 0.01845697185661433 0.35180256246179126 0.9358922465942335 1.2157422304153442
0.9915952291797723 -0.12641234446767918 0.027546699150710945 1.2337309122085571 0.12795462099002303 0.9266871581130685 -0.3533815585958392 4.465830326080322 0.019144618962374578 0.3539361950331017 0.935073608551902 1.231398582458496
0.9915882157817185 -0.12646336338137806 0.027564978597807377 1.2379696369171143 0.12800599237317525 0.9266284145060539 -0.35351696896550167 4.48932409286499 0.01916445249378803 0.3540717429452206 0.9350218845611834 1.235361933708191
0.9922435742697318 -0.12083497962098697 0.029182135295810284 1.2153947353363037 0.12316821144150336 0.9239358554025631 -0.36217692747031155 4.514283180236816 0.016801220513058962 0.36296204044160024 0.9316524438800887 1.2357579469680786
0.9922211631305055 -0.12110929085127466 0.028804567440740777 1.2204171419143677 0.12326903601616727 0.923549733294643 -0.3631261969220049 4.543604373931885 0.017375505621180617 0.3638522087343915 0.9312946161143171 1.2407127618789673
0.992190894506756 -0.12136328238060642 0.028778160950424254 1.224936604499817 0.12347441194928918 0.9230748436125352 -0.3642621345727154 4.569993495941162 0.017643651879941668 0.36497093963697846 0.9308517147047861 1.245194911956787
0.9921963121345988 -0.12146263986006078 0.028165676003371366 1.2304617166519165 0.12332856114845586 0.9227949482067306 -0.3650199303725606 4.60224723815918 0.01834514081584815 0.3656450610665521 0.9305735570743906 1.2507168054580688
0.9928260073922981 -0.1158851191834767 0.029447549937133385 1.2085189819335938 0.11841687337193925 0.918887710184807 -0.3763280751845874 4.738922595977783 0.01655183211256903 0.3771153871471618 0.9260183700286748 1.267818570137024
0.9934197232317282 -0.1104651091631622 0.03024422509780924 1.1750329732894897 0.11355852687542374 0.915692563700474 -0.3855017376841989 4.833505153656006 0.014890079518926581 0.3863995192041831 0.9222113082643782 1.2885712385177612
0.9934099916714644 -0.11060398042088981 0.030055747576071826 1.1836259365081787 0.11357174352947813 0.9146197177281874 -0.3880363784679026 4.894480228424072 0.015428788642520421 0.3888926991573207 0.9211538530686164 1.2990086078643799
0.993992209844532 -0.10504403766559056 0.030744705548988248 1.150508999824524 0.10859909090650705 0.9115716971780256 -0.39653912588577483 5.0085625648498535 0.013628067458895813 0.3974956491018287 0.917502852705348 1.338902473449707
0.993992209844532 -0.10504403766559056 0.030744705548988248 1.150508999824524 0.10859909090650705 0.9115716971780256 -0.39653912588577483 5.0085625648498535 0.013628067458895813 0.3974956491018287 0.917502852705348 1.338902473449707
0.9939923356508069 -0.10546039950776308 0.029280382564381674 1.15836501121521 0.10836976470026567 0.9108242018559557 -0.3983155374979367 5.071183204650879 0.015337234635441815 0.3990956996124164 0.9167809944499358 1.349858283996582
0.9945207863269725 -0.1000420682502664 0.030331339300952196 1.1254463195800781 0.10372037241964002 0.9080468594838468 -0.40582383533579486 5.148083686828613 0.013057178436079845 0.4067462176366637 0.9134478772921618 1.3806118965148926
0.9950474738613125 -0.09454115513905957 0.030700077315746754 1.106941819190979 0.0987401262818433 0.9045585378508721 -0.4147580488223682 5.275886058807373 0.011441687990248542 0.4157352782553636 0.9094136936454549 1.4175260066986084
