-0.9944742885408443 -0.10498042325262709 -1.2840588323336888e-05 0.2771831452846527 0.10498042338062431 -0.9944742885625786 -9.735401491338296e-06 0.7568910717964172 -1.1747608368480455e-05 -1.1029616870398333e-05 0.9999999998701706 -2.548674956415198e-06
-0.9944742886094606 -0.10498042338786304 -1.1398303976956303e-07 0.2771831452846527 0.10498042338786767 -0.994474288609466 -3.534675280916649e-08 0.7568910717964172 -1.0964248531308819e-07 -4.711742462859517e-08 0.9999999999999929 -9.770023098099045e-06
-0.9944742885978537 -0.10498042337136076 -5.153927699825883e-06 0.2771831452846527 0.10498042338664243 -0.9944742886056844 -2.7891634296469296e-06 0.7568910717964172 -4.832641025113224e-06 -3.314812829513145e-06 0.9999999999828287 4.012567558220326e-07
-0.9944742886094308 -0.10498042338809453 -1.502015420844342e-07 0.2771831452846527 0.10498042338786458 -0.994474288601589 -3.95822524916935e-06 0.7568910717964172 2.66164590811965e-07 -3.952121460305112e-06 0.9999999999921549 -3.6151590165900416e-07
-0.9944742885138307 -0.10498042325441853 -1.4772726954488665e-05 0.2771831452846527 0.10498042337777264 -0.9944742885796585 -7.836187214971625e-06 0.7568910717964172 -1.3868450877918073e-05 -9.343733835396538e-06 0.9999999998601803 -2.4825949367368594e-06
-0.9944742885138307 -0.10498042325441853 -1.4772726954488665e-05 0.2771831452846527 0.10498042337777264 -0.9944742885796585 -7.836187214971625e-06 0.7568910717964172 -1.3868450877918073e-05 -9.343733835396538e-06 0.9999999998601803 -2.4825949367368594e-06
-0.9944742886047865 -0.10498042339316495 -2.8628469579188354e-06 0.2771831452846527 0.10498042338737425 -0.9944742886072938 2.1034791293443556e-06 0.7568910717964172 -3.0678518214651455e-06 1.7913130250141677e-06 0.9999999999936897 9.151135600404814e-07
-0.9944742886093666 -0.10498042338495783 -8.996285414819684e-07 0.2771831452846527 0.10498042338785776 -0.994474288600355 -4.257248904494641e-06 0.7568910717964172 -4.4772966134586e-07 -4.328167960906891e-06 0.9999999999905332 -3.557991590241727e-07
-0.9944742886094562 -0.10498042338789958 -1.180673350338287e-07 0.2771831452846527 0.10498042338786721 -0.9944742886094344 2.531741812912924e-07 0.7568910717964172 -1.4399326175862323e-07 2.393804550138109e-07 0.9999999999999609 5.724806939610971e-08
-0.9944742886093952 -0.10498042338810601 -3.041139596835753e-07 0.2771831452846527 0.10498042338786076 -0.9944742885882558 -6.4953186043216206e-06 0.7568910717964172 3.794477834162445e-07 -6.49135336056985e-06 0.9999999999788592 -7.840670832592878e-07
-0.9944742886044907 -0.1049804233717701 -3.6437210947888875e-06 0.2771831452846527 0.10498042338734301 -0.9944742885998602 -4.3836980838691125e-06 0.7568910717964172 -3.1633844628178847e-06 -4.741994416648934e-06 0.9999999999837532 3.465802649316174e-07
-0.994474288609467 -0.10498042338764145 2.1825012205410815e-07 0.2771831452846527 0.10498042338786832 -0.9944742886073146 2.0690766625652717e-06 0.7568910717964172 -1.684091893716655e-10 2.0805555323007413e-06 0.9999999999978356 4.105945947685541e-07
-0.9944742886093987 -0.1049804233858968 7.404268535059527e-07 0.2771831452846527 0.10498042338786115 -0.9944742886032945 3.5038211661712698e-06 0.7568910717964172 3.6850283890998155e-07 3.562190386211524e-06 0.9999999999935876 5.211480811340152e-07
-0.9944742886086219 -0.10498042338810992 1.2761684335447742e-06 0.2771831452846527 0.10498042338777916 -0.994474288609423 -3.236460987207997e-07 0.7568910717964172 1.3030931995668606e-06 -1.8788502131867377e-07 0.9999999999991334 1.05930716642888e-07
-0.9944742885860773 -0.10498042329070152 -8.180480532922042e-06 0.2771831452846527 0.1049804233853993 -0.9944742885353445 -1.216315407095404e-05 0.7568910717964172 -6.85838449493611e-06 -1.2954734301517045e-05 0.9999999998925687 -2.701880475797225e-06
-0.9944742886088426 -0.10498042338730067 -1.1663209302399905e-06 0.2771831452846527 0.10498042338780243 -0.9944742886094019 -3.7749850342873913e-07 0.7568910717964172 -1.1202462246726488e-06 -4.978534207108477e-07 0.9999999999992486 -5.237588993622921e-06
-0.9944742886089045 -0.10498042338652844 1.1827354403263545e-06 0.2771831452846527 0.10498042338780897 -0.9944742886088882 1.078136824647474e-06 0.7568910717964172 1.0630167253109723e-06 1.1963434189955871e-06 0.9999999999987194 5.688528759151268e-08
-0.9944742886093509 -0.1049804233885827 -2.8261502689581467e-07 0.2771831452846527 0.10498042338785611 -0.9944742885828978 -7.269550500438756e-06 0.7568910717964172 4.82107111565692e-07 -7.259050107612873e-06 0.9999999999735368 1.223230128744035e-06
-0.9944742885928377 -0.10498042339152658 5.683808477990432e-06 0.2771831452846527 0.10498042338611291 -0.9944742886088744 -1.2434109855078748e-06 0.7568910717964172 5.7829352044469144e-06 -6.398516347764492e-07 0.9999999999830742 -5.205761226534378e-06
-0.9944742885922111 -0.10498042339233922 5.777661321964819e-06 0.2771831452846527 0.10498042338604675 -0.9944742886086977 -1.382645222381554e-06 0.7568910717964172 5.89088631382996e-06 -7.68463792142262e-07 0.9999999999823534 -4.2524038690316956e-07
-0.9944742885922111 -0.10498042339233922 5.777661321964819e-06 0.2771831452846527 0.10498042338604675 -0.9944742886086977 -1.382645222381554e-06 0.7568910717964172 5.89088631382996e-06 -7.68463792142262e-07 0.9999999999823534 -4.2524038690316956e-07
-0.994474288604219 -0.10498042336661906 3.859848194305212e-06 0.2771831452846527 0.10498042338731436 -0.9944742885936474 5.619588891072256e-06 0.7568910717964172 3.2485729661800344e-06 5.993745162346174e-06 0.9999999999767609 -7.310850378416944e-06
-0.9944742886088629 -0.10498042338697527 1.1782833801833071e-06 0.2771831452846527 0.10498042338780458 -0.9944742886092508 6.653676108297033e-07 0.7568910717964172 1.1019219527950147e-06 7.853876695657047e-07 0.9999999999990845 -9.663618584454525e-06
-0.9944742886083077 -0.10498042338782893 1.5211930672059445e-06 0.2771831452846527 0.10498042338774594 -0.9944742886094708 -1.3451483854505718e-07 0.7568910717964172 1.5269088180496952e-06 2.5923943880426837e-08 0.9999999999988339 2.434556733987847e-07
-0.9944742886025504 -0.10498042337330722 4.100299614382615e-06 0.2771831452846527 0.10498042338713824 -0.994474288604011 3.3171354029400213e-06 0.7568910717964172 3.729408263089222e-06 3.7292570595691183e-06 0.999999999986092 1.109788243525145e-07
-0.9944742885530428 -0.10498042345796409 -9.87458307780031e-06 0.2771831452846527 0.10498042338191198 -0.994474288578481 7.929690526535886e-06 0.7568910717964172 -1.0652481250670908e-05 6.849235432595233e-06 0.9999999999198063 -6.574926828761818e-06
-0.9944742886093646 -0.10498042338813633 3.830364230956696e-07 0.2771831452846527 0.10498042338785753 -0.9944742886092305 -6.870600819197272e-07 0.7568910717964172 4.530477326625106e-07 -6.430522603294583e-07 0.9999999999996907 1.8167717996675492e-07
-0.9944742886094664 -0.10498042338779562 -1.2352812141895865e-07 0.2771831452846527 0.10498042338786828 -0.9944742886087797 -1.1686651702025398e-06 0.7568910717964172 -1.5857630486505672e-10 -1.1751754982467016e-06 0.9999999999993096 6.309376203716965e-07
-0.9944742885944682 -0.10498042337978972 -5.614865724894726e-06 0.2771831452846527 0.10498042338628505 -0.9944742886092494 -8.740536748254008e-07 0.7568910717964172 -5.492081072561308e-06 -1.4586748875219597e-06 0.9999999999838546 -8.60962154547451e-06
-0.99447428860895 -0.10498042338800133 9.999004466076035e-07 0.2771831452846527 0.10498042338781376 -0.994474288609444 -2.3841055073681465e-07 0.7568910717964172 1.0194037258768788e-06 -1.3212319061033136e-07 0.9999999999994716 9.08894293161211e-08
-0.9944742886094667 -0.10498042338693916 -4.41682278272766e-07 0.2771831452846527 0.10498042338786831 -0.9944742886006706 -4.182706321704419e-06 0.7568910717964172 -1.3938891707532264e-10 -4.205961886315313e-06 0.999999999991155 9.83417180577817e-07
-0.9944742886089293 -0.10498042338695722 -1.122777270436639e-06 0.2771831452846527 0.10498042338781156 -0.9944742886092042 -7.31012833084732e-07 0.7568910717964172 -1.0398310905655257e-06 -8.448431003665861e-07 0.9999999999991025 -8.914737836818176e-10
-0.9944742886094664 -0.10498042338785822 -4.599482787995131e-08 0.2771831452846527 0.1049804233878683 -0.9944742886093714 -4.3463653969592235e-07 0.7568910717964172 -1.1234577851348959e-10 -4.370634201222718e-07 0.9999999999999045 4.765429935105203e-07
-0.994474288608677 -0.10498042338717482 1.3099862747289023e-06 0.2771831452846527 0.10498042338778495 -0.9944742886093927 4.05819306705846e-07 0.7568910717964172 1.2601445860124234e-06 5.410997800931899e-07 0.9999999999990596 1.303596519619532e-07
-0.9944742886088527 -0.10498042339213247 5.699598763694114e-07 0.2771831452846527 0.10498042338780354 -0.9944742885959753 -5.181320756999891e-06 0.7568910717964172 1.1107476893810135e-06 -5.092855644736428e-06 0.9999999999864145 9.583490054865251e-07
-0.9944742886090557 -0.10498042337958517 1.598700508319191e-06 0.2771831452846527 0.10498042338782494 -0.9944742885883062 6.488097335551831e-06 0.7568910717964172 9.087433454623011e-07 6.620078238432896e-06 0.9999999999776744 -8.756137503951322e-06
-0.9944742885535949 -0.10498042328379886 -1.1531536315220148e-05 0.2771831452846527 0.10498042338197028 -0.9944742885757477 -8.264581313083816e-06 0.7568910717964172 -1.0600197128753039e-05 -9.429499186138737e-06 0.9999999998993602 -2.7861410671903286e-06
-0.9944742886094642 -0.10498042338787751 -3.617745127567726e-08 0.2771831452846527 0.1049804233878681 -0.9944742886094451 2.0314855794798204e-07 0.7568910717964172 -5.730416674509794e-08 1.9822809349534345e-07 0.9999999999999787 4.073148929251147e-08
-0.9944742886091474 -0.10498042338271407 1.3101673879685542e-06 0.2771831452846527 0.10498042338783464 -0.9944742885979716 4.782230822951725e-06 0.7568910717964172 8.008871645869532e-07 4.8933475227175255e-06 0.9999999999877068 -4.639742030576599e-07
-0.9944742886090574 -0.10498042338700757 -9.968713014607642e-07 0.2771831452846527 0.10498042338782514 -0.9944742886091437 -8.065073930532332e-07 0.7568910717964172 -9.066953907675847e-07 -9.06702837255083e-07 0.9999999999991779 2.6313891510199028e-08
-0.9944742886090574 -0.10498042338700757 -9.968713014607642e-07 0.2771831452846527 0.10498042338782514 -0.9944742886091437 -8.065073930532332e-07 0.7568910717964172 -9.066953907675847e-07 -9.06702837255083e-07 0.9999999999991779 2.6313891510199028e-08
-0.9944742886090311 -0.1049804233888882 -8.071123048566419e-07 0.2771831452846527 0.10498042338782233 -0.9944742886086656 1.2657540357799742e-06 0.7568910717964172 -9.35531829781985e-07 1.1740288528009287e-06 0.9999999999988731 3.113704849511123e-07
-0.9944742886092036 -0.10498042338847968 6.283503264761201e-07 0.2771831452846527 0.10498042338784053 -0.9944742886089907 -9.759965248271856e-07 0.7568910717964172 7.27338772321609e-07 -9.04638966403219e-07 0.9999999999993263 2.3840114238282695e-07
-0.9944586605539534 -0.10512781215162893 0.0003399433027273873 0.2771804928779602 0.10512741448213146 -0.9944582278062205 -0.0010295012451182835 0.7568861246109009 0.0004462886278915341 -0.0009880590687727086 0.999999412282696 0.01144310925155878
-0.9943996690012231 -0.10565906983150558 0.0023365043545618804 0.27719807624816895 0.10564981861283007 -0.9943962094262572 -0.003780807554937579 0.7568303942680359 0.0027228876829509113 -0.0035127825199397023 0.9999901230720399 0.03435850888490677
-0.9942485240302018 -0.10690165788276107 0.006473639291974543 0.2773997485637665 0.1068409206003827 -0.9942345116759685 -0.009096893849635728 0.7564759850502014 0.007408788634332223 -0.008352923701670373 0.9999376673156212 0.08027423918247223
-0.994119072619776 -0.10788964627007347 0.009332399547612159 0.277721643447876 0.1077678970439594 -0.9940950673995128 -0.012691624745554722 0.7559787034988403 0.010646587261673095 -0.011611253148468894 0.9998759067904386 0.11425462365150452
-0.9938540309773577 -0.10979945665172752 0.014079930008485009 0.278750479221344 0.10953083442040024 -0.9938091480682646 -0.018611112997399478 0.7544872164726257 0.016036253341391637 -0.016954543191030357 0.9997276539357878 0.1769392341375351
-0.9938050391087816 -0.11014192176531512 0.01484255071869756 0.27899181842803955 0.10984440612920279 -0.9937563312364224 -0.01955915564766358 0.7541463375091553 0.016904161739543986 -0.01780761627422314 0.9996985236152514 0.18789264559745789
-0.9935989802205203 -0.11155955328326353 0.017763236641494935 0.28017663955688477 0.11113777001524944 -0.9935344649742182 -0.023187560984988493 0.752496063709259 0.020235181758031837 -0.021064970439896764 0.9995733111881218 0.2325887233018875
-0.9930982857333086 -0.11491729158533273 0.02344804828243502 0.28419676423072815 0.1141912599105391 -0.9929978984337237 -0.03025772407587741 0.7470329403877258 0.026760998367166604 -0.02737133173413091 0.9992670609829449 0.33548587560653687
-0.9930982857333086 -0.11491729158533273 0.02344804828243502 0.28419676423072815 0.1141912599105391 -0.9929978984337237 -0.03025772407587741 0.7470329403877258 0.026760998367166604 -0.02737133173413091 0.9992670609829449 0.33548587560653687
-0.9927913855907212 -0.11713765191241321 0.025377848634236463 0.2878100275993347 0.11629073726306274 -0.9926795540486325 -0.032615447269989585 0.7421974539756775 0.029012568374227256 -0.029429126359008295 0.9991457338136795 0.39982178807258606
-0.9925065032184124 -0.12020920371746943 0.021922326764527766 0.2940828502178192 0.11958242599616115 -0.9924304972027095 -0.02795982143817496 0.7338675856590271 0.02511741352192621 -0.025128779588231436 0.9993686306735742 0.47490864992141724
-0.9925065032184124 -0.12020920371746943 0.021922326764527766 0.2940828502178192 0.11958242599616115 -0.9924304972027095 -0.02795982143817496 0.7338675856590271 0.02511741352192621 -0.025128779588231436 0.9993686306735742 0.47490864992141724
-0.9922677107568094 -0.12340329803283423 0.013282176932288444 0.301807165145874 0.12317890409220564 -0.9922462323280217 -0.01656417874478371 0.7236799001693726 0.015223264304489049 -0.014800015725175064 0.9997745804722433 0.5360358953475952
-0.9920551616506189 -0.1256592283108409 0.006026158203135143 0.3075315058231354 0.12561644794230323 -0.9920540482819517 -0.0070194938386384945 0.716164767742157 0.006860338819903722 -0.006206740506579823 0.9999572051460803 0.5699001550674438
-0.9916819387833333 -0.12866986784308612 -0.003316232828466614 0.31501415371894836 0.12865153422259148 -0.9916759623031945 0.005250574464486655 0.7063801288604736 -0.003964219103836854 0.004780261423446832 0.9999807168478902 0.6057676076889038
-0.9909862285704636 -0.13318550776253432 -0.014419268557201055 0.3252629339694977 0.13289078767819504 -0.9909335260808569 0.01976829378647016 0.6930572986602783 -0.016921386880444055 0.017673918948417112 0.9997006048087833 0.6456949710845947
-0.9909792956477138 -0.13322805620264766 -0.014502435589452599 0.3253525495529175 0.13293002446421748 -0.990926100801231 0.01987640175716235 0.6929413080215454 -0.017018936321186888 0.017769293495627045 0.9996972581812764 0.6460084319114685
-0.990685673320393 -0.13502469648305568 -0.01761329092983416 0.32898738980293274 0.13458978796143387 -0.9906130111918972 0.0239050420166815 0.6882448792457581 -0.020675726207719052 0.021311813554498963 0.9995590632617972 0.6586043834686279
-0.9899207441569401 -0.13992053480499414 -0.021889820183238914 0.33734601736068726 0.13926010831168203 -0.9898238410647161 0.029246980919580855 0.6775399446487427 -0.025759319105688704 0.02590381438661421 0.9993325021630364 0.689063310623169
-0.9897771892421269 -0.14092037138107522 -0.021967352725684362 0.338736355304718 0.1402572913964769 -0.9896824063328625 0.029268187598799223 0.6757805347442627 -0.02586518637239183 0.025887903063295272 0.9993301799750205 0.6957701444625854
-0.9894370354195267 -0.14342680617186904 -0.02105004065451042 0.34169864654541016 0.14282313360901983 -0.9893569091013096 0.02782910202655143 0.6720691323280334 -0.024817442380702683 0.024528711438664134 0.9993910330140245 0.7135630249977112
-0.9892230789123679 -0.14508923472745427 -0.019667590430386052 0.3432444930076599 0.14456592317892358 -0.989157741124841 0.025839060126639484 0.670163631439209 -0.023203318783340005 0.02271733124740238 0.9994726253672156 0.7260766625404358
-0.9889995563247982 -0.14686108656384572 -0.017654994835401557 0.3445359468460083 0.14644334268768472 -0.9889515890567406 0.02300221477606284 0.6686014533042908 -0.02083806545264646 0.020163723749183862 0.9995795112309764 0.7399336099624634
-0.9883661980822164 -0.15173093396826318 -0.01048723822670277 0.34647756814956665 0.15159055759042908 -0.9883566694266868 0.013091861945874366 0.6663928627967834 -0.012351572285659265 0.01134978752689156 0.999859300594422 0.7803959846496582
-0.9879244484589834 -0.15485497369372636 -0.005022077192658433 0.3468526005744934 0.15482630687793725 -0.9879254369994525 0.005669711454747514 0.6660940647125244 -0.00583942082337801 0.004823696897257794 0.9999713161449637 0.8120037913322449
-0.987678932566784 -0.156479733206858 -0.0021022034269027284 0.34684979915618896 0.1564761599949828 -0.9876801507982176 0.0017694836631133078 0.6661805510520935 -0.0023531929292096815 0.001418737015808083 0.999996224827033 0.8318464159965515
-0.9871717801755965 -0.15964261729665294 0.0024720775915571887 0.34671148657798767 0.15963165318415654 -0.9871679935128255 -0.004133749575839116 0.6664370894432068 0.003100278477401413 -0.003686099094841434 0.9999884004061376 0.8779260516166687
-0.9868137922867871 -0.16181347682380576 0.0038649800466114288 0.346831738948822 0.16179036838986283 -0.9868087512553836 -0.005689037006575131 0.6662384867668152 0.004734558991236818 -0.004988703637357547 0.9999763481138827 0.9154136180877686
-0.9865978035765379 -0.1631250508917862 0.0038719180651852246 0.3470793068408966 0.16310283714473622 -0.9865937921419465 -0.005491249612944853 0.6658580303192139 0.0047157706993651285 -0.004786133985398238 0.9999774269593213 0.9383988380432129
-0.9859253460768838 -0.16718203015252864 0.0011750562778968137 0.348798006772995 0.16718049298068638 -0.9859254448689241 -0.0013038123902980683 0.6633510589599609 0.0013764918858794899 -0.0010890151943051124 0.999998459656811 1.0184760093688965
-0.9855583960121842 -0.1693327223654167 -0.00103787581530096 0.3502556383609772 0.1693306953019063 -0.9855576432551173 0.0018020682541147629 0.661307156085968 -0.0013280355658770433 0.0016002992645878778 0.999997837679562 1.071054220199585
-0.9851876550485026 -0.17146044744374067 -0.0025689107468713267 0.35177433490753174 0.1714502403600247 -0.9851855517765615 0.0037740762051460645 0.6592511534690857 -0.0031779585464422853 0.003277732921507662 0.9999895784688819 1.1315934658050537
-0.9851181077378186 -0.17185731525265555 -0.00271606355037358 0.3521088659763336 0.17184615024033953 -0.9851160124231251 0.003916977806486175 0.6588121652603149 -0.0033487989839587656 0.003391940699836883 0.999988640077303 1.1455994844436646
-0.9850537877751941 -0.17222526540194427 -0.0027373613157628974 0.3524334132671356 0.1722141716537774 -0.9850519123638205 0.0038741489367112585 0.6583942770957947 -0.0033636693277547423 0.003344832673001464 0.9999887488482274 1.1599671840667725
-0.9849974482127835 -0.17254962727525042 -0.002579368426119173 0.35273224115371704 0.1725400224624069 -0.9849960281306095 0.0035728441886398975 0.658020555973053 -0.0031571605878752446 0.003074198122490746 0.9999902907743284 1.1748735904693604
-0.9849541163502068 -0.17280253573983995 -0.002161556537613687 0.3529796898365021 0.1727960222691713 -0.9849533434210692 0.002906195384003727 0.6577281951904297 -0.0026312302704275324 0.0024889607347828723 0.9999934408293509 1.190697193145752
-0.9849454164025967 -0.17285432934397912 -0.0019767484812618225 0.35303542017936707 0.17284895927685953 -0.9849448429437301 0.0026255733577747304 0.6576675176620483 -0.002400829944317254 0.0022443675264307776 0.9999945994004091 1.1955089569091797
-0.9849369676198153 -0.17290909371980254 -0.0012708756351195987 0.3531319499015808 0.1729070237835563 -0.9849368667431259 0.0015904894048780224 0.6575834155082703 -0.0015267423476432842 0.001346788487804437 0.9999979276071391 1.2097550630569458
-0.9849620825922617 -0.1727700306128929 -0.0004608443715769864 0.35312002897262573 0.17276982502332308 -0.9849621217866108 0.0004541002400711949 0.6576407551765442 -0.0005323691624203081 0.0003676515167258309 0.9999997907076967 1.2228304147720337
-0.9850216117468484 -0.1724308226558583 0.00018918209484178935 0.3530524969100952 0.17243073428520328 -0.9850215591457935 -0.00041217939750650545 0.6577560901641846 0.0002574208746173695 -0.0003733848069335202 0.9999998971591343 1.233478307723999
-0.9851209434263759 -0.1718616523704633 0.0005470532166485531 0.35300296545028687 0.17186116603716917 -0.98512082362021 -0.0008381397165231468 0.6578278541564941 0.0006829575919478873 -0.000731651784566793 0.9999994991271715 1.2425612211227417
-0.9852791472069944 -0.17095250166978798 0.0004942184738454575 0.3530530631542206 0.17095215044197337 -0.9852790957708183 -0.0006824194491275856 0.6577463150024414 0.0006036044430401653 -0.0005878859419818631 0.9999996450258347 1.2506920099258423
-0.9854174161608195 -0.17015420918100443 0.00024703222985885103 0.3531670570373535 0.17015413267299706 -0.9854174136164965 -0.0003034397403540698 0.6575784087181091 0.00029506141008146076 -0.000256981250086308 0.9999999234496977 1.2552217245101929
-0.9855127577884595 -0.16960129724685172 6.487195653690979e-05 0.3532595932483673 0.16960129477864813 -0.9855127594591622 -4.186399777103901e-05 0.6574462056159973 7.10323292281123e-05 -3.0255136071902482e-05 0.9999999970195175 1.2576088905334473
-0.9855707674305161 -0.1692638801132739 -3.571307865671365e-05 0.35331618785858154 0.16926387594916323 -0.985570763901457 9.819045715900216e-05 0.6573666334152222 -5.181786398179896e-05 9.072871010103822e-05 0.9999999945416052 1.2588504552841187
-0.9856341649392315 -0.1688942734566655 -0.00013152219719015143 0.3533758521080017 0.168894240896751 -0.9856341528202387 0.00022844307856875984 0.6572837233543396 -0.00016821549718564594 0.0002029479613257635 0.9999999652578352 1.2600609064102173
-0.9858377801394901 -0.16770143432138251 -0.00031650622920067833 0.3535352349281311 0.16770128015105257 -0.9858377482943586 0.00046332883234974695 0.6570679545402527 -0.00038972469806383887 0.0004036885677455604 0.9999998425750877 1.263219952583313
-0.985839219215754 -0.16769297327053842 -0.0003171305085950981 0.3535361588001251 0.16769281858386784 -0.9858391873389863 0.00046400668687580535 0.6570667624473572 -0.0003904503438134063 0.0004042554810552852 0.999999842063005 1.2632341384887695
-0.9859779257845472 -0.16687544965584697 -0.0003378872012264158 0.35360756516456604 0.16687528213555522 -0.9859778976456196 0.00047493842032251686 0.656974196434021 -0.00041240487475674144 0.00041189377651033345 0.9999998301328537 1.264918327331543
-0.9862303119097491 -0.1653775040827459 -0.0002302471751758288 0.35366421937942505 0.16537743218234344 -0.9862303044218591 0.0003025966670615588 0.6569076180458069 -0.00027711942320832883 0.0002603523187411547 0.9999999277107451 1.2673587799072266
-0.9864515987534913 -0.1640525423133013 -8.171428362186488e-05 0.3536616265773773 0.1640525347955729 -0.9864515991415386 9.153277734497453e-05 0.6569182872772217 -9.562337057993423e-05 7.688721919312613e-05 0.9999999924722632 1.2690660953521729
-0.9865306917763131 -0.16357626066566416 -3.3615294612281113e-05 0.3536551594734192 0.16357625984088242 -0.9865306921433834 2.59916364445714e-05 0.6569287180900574 -3.741413455864182e-05 2.014288291593514e-05 0.9999999990972234 1.2696033716201782
-0.9867475892678592 -0.16226272373879713 5.96568085195737e-05 0.35363608598709106 0.1622627176691343 -0.9867475874522025 -9.545619190551875e-05 0.6569567322731018 7.435519357811015e-05 -8.451109136560759e-05 0.9999999936645902 1.270961046218872
-0.9870440774693631 -0.16044931357235148 8.31072552051849e-05 0.3536279499530792 0.1604493036016571 -0.9870440758544126 -0.00011530157181016668 0.6569666266441345 0.00010053058196155295 -0.00010047323235621634 0.9999999898993658 1.272579312324524
-0.9872906760754762 -0.15892488555840012 4.104485036268897e-05 0.35364213585853577 0.15892488339268912 -0.9872906759320645 -5.1538611127349044e-05 0.656945526599884 4.871396593336244e-05 -4.4360542166150756e-05 0.9999999978295459 1.2738059759140015
-0.9874192563429947 -0.15812404004775626 1.2728864663998015e-05 0.3536542057991028 0.15812403990124374 -0.9874192563779918 -1.180019971999326e-05 0.6569284796714783 1.4434621334156744e-05 -9.639004928187e-06 0.9999999998493656 1.2744123935699463
-0.9875107712712176 -0.15752820647077584 -0.0027093891240600786 0.35366091132164 0.1575275714833381 -0.987514487963027 0.0004475328842131817 0.6569146513938904 -0.002746060066125579 1.5140054742038723e-05 0.9999962294553375 1.274876356124878
-0.9866426639993334 -0.15702585665511065 -0.04334897828124022 0.35215744376182556 0.156872440283002 -0.9875944907488479 0.00693969179288203 0.6571285128593445 -0.04390092317884403 4.673599111042941e-05 0.999035888624524 1.2756922245025635
-0.9835616751898925 -0.15743663000701355 -0.08843154770605119 0.3421333134174347 0.15680238892953988 -0.9875290918070987 0.014117494842800483 0.658707857131958 -0.08955133680544475 1.914894002411332e-05 0.9959822075266586 1.2761555910110474
-0.9817008952144272 -0.1576318009857276 -0.10684365986425123 0.32467570900917053 0.1567056677533178 -0.9874979570963747 0.01706219283893682 0.6614800095558167 -0.10819744003061543 6.962920069616962e-06 0.9941294251365559 1.2767086029052734
-0.9813877079230492 -0.1577317417535768 -0.10953932801020873 0.31493380665779114 0.15675837200434362 -0.9874819986424512 0.017496147108980953 0.6630294919013977 -0.11092781231094827 -7.030205628217462e-07 0.9938284663136857 1.276862621307373
-0.9818935017492207 -0.1580953342701978 -0.10436003308090569 0.27971309423446655 0.1572127412779196 -0.9874238525401905 0.016682008709095912 0.6686376333236694 -0.10568493365913248 -2.677093291837164e-05 0.9943996651652603 1.2766764163970947
-0.9828432175944825 -0.15852236451788912 -0.09428610489452746 0.2537388801574707 0.1578034444489966 -0.9873553852033119 0.015080325926569903 0.6727768182754517 -0.09548446234103633 -5.70760599923701e-05 0.9954309188455855 1.2765305042266846
-0.9850282068933494 -0.1596873778385214 -0.06495670083625259 0.19131900370121002 0.1593479234450996 -0.9871676308884445 0.010407104296138026 0.6827303767204285 -0.0657850356707952 -9.942410832450115e-05 0.9978338134161615 1.2760591506958008
-0.9864514853404219 -0.16124616517234877 -0.030218227725787715 0.11032118648290634 0.16117192151301438 -0.9869142172936713 0.004892792599663721 0.6956557035446167 -0.030611742607677114 -4.3827299882150984e-05 0.9995313498303539 1.2757229804992676
-0.9866785609036753 -0.16267817142711524 -0.001109051027768661 -0.0006264562834985554 0.1626778266297418 -0.9866791620163036 0.00039492509221261403 0.7133840322494507 -0.0011585232305639356 0.00020924611083020608 0.9999993070197545 1.2756989002227783
-0.9865181579077068 -0.16355205442594775 0.005713983849907965 -0.0806102529168129 0.16355170631390667 -0.9865346203123367 -0.0005313068827788128 0.7262033820152283 0.0057239392200488974 0.00041038792121991276 0.9999835339152137 1.276100516319275
-0.9864541096467487 -0.16394022417748713 0.005647340761313994 -0.11626321822404861 0.16394032516561072 -0.9864701561205756 -0.0004481830429364001 0.7319357991218567 0.005644408351011051 0.0004837148761522265 0.9999839532083931 1.2763097286224365
-0.9863622713798196 -0.16458800016549469 0.000509705765681585 -0.20009872317314148 0.16458825602601135 -0.9863622291745011 0.0005087594977068262 0.7454769015312195 0.00041901880696801574 0.0005857127568040957 0.9999997406818694 1.276109218597412
-0.986235678271386 -0.16526413304344723 -0.005191650409831362 -0.26395440101623535 0.1652586688283169 -0.986249166863465 0.0014673916365326102 0.755860447883606 -0.0053627680979893115 0.0005892287501947807 0.9999854466580037 1.2763322591781616
-0.9860108221617427 -0.166256010861712 -0.011899471932561747 -0.36629512906074524 0.16623768480063167 -0.986082492651263 0.0025198886477379853 0.7726333737373352 -0.012152807578882865 0.0005064968128930107 0.9999260236282128 1.2767369747161865
-0.9857605367226998 -0.1676759622427652 -0.012686052425361255 -0.4729140102863312 0.1676569450260692 -0.9858420856297817 0.002555579317739314 0.7902572154998779 -0.01293495360261653 0.00039228444581551223 0.9999162630381665 1.2769638299942017
-0.9854637161312171 -0.16966096617778323 -0.008741895931250776 -0.5747135877609253 0.16965115619062002 -0.985502428239606 0.0018571852427396456 0.8071951866149902 -0.008930251510319903 0.0003471159188194968 0.9999600642618192 1.2772934436798096
-0.9850766901032385 -0.17207211163829134 -0.0038862593310177167 -0.6757724285125732 0.172069083411802 -0.9850842673308191 0.001103082556262011 0.8241006135940552 -0.004018102670520515 0.00041791583244441986 0.9999918400653508 1.277881145477295
-0.9843639465940917 -0.1761450074821107 0.0007463141637269407 -0.8270179033279419 0.17614546056691005 -0.9843639704315915 0.0005919778909658142 0.8495957851409912 0.000630370823362167 0.0007141815451448463 0.9999995462885699 1.2786242961883545
-0.9840255296493987 -0.17802255533827926 0.001314073456954197 -0.8947668075561523 0.1780235147621016 -0.9840260172214891 0.000652397855629351 0.8611186742782593 0.0011769409368267611 0.0008759121208903753 0.9999989237934147 1.2787564992904663
-0.983787520577467 -0.1793338245524976 0.0012221814163841335 -0.948060154914856 0.17933484921295287 -0.9837877781796835 0.0007869955843658073 0.8702415227890015 0.001061232212106797 0.0009934161546667737 0.9999989434547097 1.2789270877838135
-0.98346681293122 -0.1810873613461935 0.000628827147813008 -1.0190106630325317 0.18108793376702328 -0.983466379572873 0.0010200459871266543 0.8824803829193115 0.00043371292217625577 0.0011170543848967992 0.9999992820410435 1.2792918682098389
-0.9832604902715354 -0.18220538498431266 7.71602170241004e-05 -1.0680872201919556 0.18220534823085904 -0.9832597923213688 0.001179779729844947 0.8910152912139893 -0.00013909368090649825 0.0011740897997922068 0.9999993010828008 1.2795872688293457
-0.9831588894602868 -0.18275266678845245 -0.00024669196305700215 -1.0967116355895996 0.18275222084788265 -0.9831581936403588 0.0012617658236386683 0.8960211873054504 -0.00047312829391721106 0.001195432781813546 0.9999991735446992 1.2798315286636353
-0.9830650194774936 -0.18325611126694089 -0.0006042872117963356 -1.1307942867279053 0.18325518234080304 -0.9830644621358456 0.001342173908257269 0.9020093679428101 -0.0008400148539113133 0.0012087054560791625 0.9999989167024961 1.280265212059021
-0.9829416055745369 -0.18391610576771777 -0.0008161309885546882 -1.1764882802963257 0.1839148858077721 -0.9829412052087556 0.0013790870437936907 0.9100849032402039 -0.0010558450961074073 0.0012054633954893916 0.9999987160237432 1.280813455581665
-0.9828765839139194 -0.18426280537496365 -0.0009161599489582925 -1.2051498889923096 0.18426145999489568 -0.9828762887299434 0.0013839844660032475 0.9151780605316162 -0.0011554887508162706 0.0011914729543512981 0.9999986226180243 1.2811322212219238
-0.9825091031342881 -0.18621161579917303 -0.0010470910738419026 -1.3350228071212769 0.18621027943245796 -0.9825091121414851 0.00125554475652422 0.938513457775116 -0.001262573539112237 0.001038605031226237 0.9999986636029308 1.2829514741897583
-0.9821718727348657 -0.1879832835005352 -0.0008351843175151458 -1.4268356561660767 0.1879823503836676 -0.9821718092743756 0.0010830562919538907 0.9552404880523682 -0.001023890970188842 0.0009067475155355558 0.9999990647276747 1.2839957475662231
-0.9819751011313166 -0.1890092974752489 -0.0006214708789324737 -1.48583984375 0.1890086452747101 -0.9819749344664567 0.0009798423427834068 0.9660778045654297 -0.000795468138458521 0.0008447174147427718 0.9999993268412384 1.2842985391616821
-0.9816894224053947 -0.19048823163671263 -0.00033398395254431864 -1.5599994659423828 0.19048787832115227 -0.98168915035026 0.0008833443781582043 0.9797871708869934 -0.0004961351311254416 0.0008035499378657004 0.9999995540786151 1.2844148874282837
-0.9815003643562303 -0.1914602274429385 -0.00012679150786582094 -1.619768738746643 0.19146005665474203 -0.9815000456750764 0.0008408600281605986 0.9909049868583679 -0.0002854371230008189 0.0008010289147328869 0.9999996384390979 1.2845453023910522
-0.9813209845428108 -0.1923775541890379 4.4047385079491555e-05 -1.6843576431274414 0.19237752447403444 -0.9813206438863084 0.0008258085755018245 1.0029877424240112 -0.00011564242569565958 0.0008188570112564937 0.9999996580499538 1.2848529815673828
-0.9812574577206352 -0.19270129094093874 0.00011890051270008963 -1.7262705564498901 0.19270132288168884 -0.9812571099160072 0.000827284070089455 1.0108669996261597 -4.274673482149056e-05 0.0008346909495173765 0.9999996507318067 1.2849777936935425
-0.9811600708683573 -0.1931964840664385 0.0001840596817809458 -1.8224453926086426 0.19319657061801718 -0.9811597227297639 0.0008267976114689586 1.0290647745132446 2.0857554771589297e-05 0.0008467805023717942 0.9999996412638074 1.2855535745620728
-0.9810420628596904 -0.1937948658286166 0.00014449385134155459 -1.908974051475525 0.19379491941167437 -0.9810417483352203 0.000785642156677274 1.0455782413482666 -1.0498915798769264e-05 0.0007987501763324276 0.9999996809439134 1.2862482070922852
-0.9809820886175452 -0.1940982403516345 0.0001220817649326702 -1.9350651502609253 0.19409827662729842 -0.9809817909795984 0.0007647069843123024 1.0505828857421875 -2.866829163002173e-05 0.0007738597148321572 0.9999997001595905 1.2863709926605225
-0.9806420762094533 -0.195808882246944 9.033124698160685e-07 -2.0703072547912598 0.1958088432166257 -0.9806418778056888 0.0006359338803520589 1.076692819595337 -0.0001236356762580527 0.0006238003973301547 0.9999997977936215 1.286491870880127
-0.9802300345522411 -0.19786125934941523 -3.7554966050071705e-05 -2.1657283306121826 0.19786120483175607 -0.980229874583546 0.0005801693298583085 1.0952646732330322 -0.00015160553390292236 0.0005612687314230776 0.9999998309965724 1.2865519523620605
-0.9799509302714332 -0.1992389855477157 -2.9967800244146183e-05 -2.2268285751342773 0.19923893402932427 -0.9799507652160929 0.000587298264770747 1.1072142124176025 -0.0001463796792679515 0.0005695527283330448 0.9999998270913246 1.28611159324646
-0.9796895001545952 -0.20052040677451086 0.00022305565532115926 -2.2886149883270264 0.20052050521282241 -0.9796893311855036 0.0005842520829899673 1.119343876838684 0.00010137078043872714 0.0006171128638442977 0.99999980444782 1.285606026649475
-0.979641084769091 -0.20075674919467 0.0002696019791910181 -2.3023436069488525 0.20075687736778777 -0.9796409179664347 0.0005899452654926806 1.1220457553863525 0.00014567763667715954 0.000632059071316203 0.9999997896396561 1.2854819297790527
-0.9793388919280352 -0.2022255134372175 0.00042008596990375074 -2.4045798778533936 0.20222576731170128 -0.979338685751705 0.0006911044183197739 1.1422499418258667 0.00027164749583482374 0.0007617776428445228 0.9999996729511769 1.2850981950759888
-0.9791859806565584 -0.20296471392550636 0.0003744152661052211 -2.4662909507751465 0.20296495015427873 -0.9791857010009939 0.0007693920089181863 1.1545251607894897 0.00021046264582006422 0.0008293710445839209 0.9999996339245056 1.2848448753356934
-0.979157908494359 -0.20310012848508677 0.00035782997885454163 -2.4779441356658936 0.20310035354797631 -0.9791576142169626 0.000782885453389584 1.1568504571914673 0.00019136781221798917 0.0008392438783470253 0.9999996295239679 1.2848172187805176
-0.9790459654195334 -0.2036392058929539 0.00026724337463666047 -2.528657913208008 0.2036393603580773 -0.9790456163574979 0.0008318678504862063 1.1669988632202148 9.224254595771738e-05 0.0008688581326516833 0.9999996182883562 1.284673810005188
-0.9789752682682943 -0.2039789140231391 0.00016356332692543017 -2.5786726474761963 0.2039789790411693 -0.9789748914454455 0.0008590859678470263 1.1770535707473755 -1.5111032552674896e-05 0.0008743873962733961 0.9999996176090958 1.2844865322113037
-0.9788809455827296 -0.20443114733162845 -1.9383889458065795e-05 -2.676626443862915 0.20443106085798743 -0.9788806103932711 0.0008318368679071172 1.1968796253204346 -0.00018902787884350739 0.0008103065907420288 0.999999653835785 1.2841343879699707
-0.9787621316789624 -0.2049992076522058 -0.00012022155034715382 -2.7841739654541016 0.20499907835708864 -0.9787619207886511 0.0006930273113578662 1.2188358306884766 -0.00025973832524767094 0.0006536635815565384 0.9999997526299317 1.2837259769439697
-0.9786877823678768 -0.2053538655527933 -0.00012060834439249122 -2.8554298877716064 0.2053537658327639 -0.9786876433164677 0.00057243162089978 1.233474612236023 -0.00023558894245420914 0.0005354644559038018 0.9999998288878187 1.2837098836898804
-0.978595267658059 -0.20579431947836352 -1.3699973665099175e-05 -2.9068241119384766 0.20579429039087688 -0.9785951606751054 0.0004706864988426263 1.2440699338912964 -0.00011027133564701425 0.0004577922039591517 0.9999998891332591 1.2837823629379272
-0.9784417098669539 -0.20652303534596597 0.00023720059255929492 -2.969182014465332 0.20652310879515598 -0.9784416625983509 0.0003441298588098295 1.2569597959518433 0.00016101619915844578 0.0003856984112535616 0.9999999126552557 1.2841078042984009
-0.9781293301035542 -0.2079973182114351 0.00035945517637141845 -3.086987018585205 0.2079974220110283 -0.9781293339350543 0.0002802365676091369 1.2813966274261475 0.0002933051977162049 0.00034887335615981885 0.9999998961297157 1.2851111888885498
-0.9779278246176554 -0.20894293617370532 0.0001387864944594236 -3.2265865802764893 0.2089429764431844 -0.9779277384548237 0.00041346789058463776 1.3104925155639648 4.93319675824745e-05 0.0004333402180311531 0.9999999048913016 1.2863035202026367
-0.9778661607842783 -0.20923137000266095 7.348350109060141e-05 -3.258737325668335 0.20923138172796835 -0.9778660576893013 0.0004495768997185764 1.317217469215393 -2.2208569132992777e-05 0.0004550010913724982 0.9999998962403878 1.2864192724227905
-0.977688804697193 -0.21005855410916066 -7.081908691521484e-05 -3.3442399501800537 0.21005848933963026 -0.9776886802291955 0.0005249838537091593 1.3351521492004395 -0.00017951636886197418 0.0004983946860044118 0.9999998596882953 1.2866501808166504
-0.9775661766024185 -0.21062847593628167 -0.0001244495432182464 -3.398282051086426 0.21062837854364677 -0.9775660501843746 0.000551070771685986 1.3465275764465332 -0.0002377288451843606 0.0005124955418158569 0.9999998404166451 1.2868109941482544
-0.9775138659612199 -0.21087110383068172 -0.0001393656330899572 -3.4277002811431885 0.21087099702147813 -0.9775137396494642 0.0005580427286083106 1.3527333736419678 -0.00025390690734669927 0.0005161063350132489 0.999999834582753 1.2868156433105469
-0.9775138659612199 -0.21087110383068172 -0.0001393656330899572 -3.4277002811431885 0.21087099702147813 -0.9775137396494642 0.0005580427286083106 1.3527333736419678 -0.00025390690734669927 0.0005161063350132489 0.999999834582753 1.2868156433105469
-0.9772739916660896 -0.21198004672086865 -7.074776763674771e-05 -3.5960466861724854 0.2119799850637166 -0.9772738764134226 0.0005063716713016854 1.3884280920028687 -0.0001764806356666161 0.00047986675375269797 0.9999998692912334 1.2858973741531372
-0.9768730518960448 -0.21382001119568966 0.0002080662951570106 -3.729523181915283 0.2138200790488145 -0.9768729806276257 0.00039181023170593106 1.4169374704360962 0.00011947747378822829 0.0004272376084885352 0.9999999015965747 1.2854870557785034
-0.9765738262398926 -0.21516009459902338 0.0031137750905652554 -3.7972629070281982 0.2151603796589641 -0.9765786962457463 -0.0002471112462539731 1.4314695596694946 0.003094014897467186 0.0004286386553974948 0.9999951216584595 1.2850838899612427
-0.9732051057404568 -0.22271959368613803 0.05716471594425936 -3.9253451824188232 0.22237697683282304 -0.9748823137097329 -0.012367481176545413 1.4590431451797485 0.05848335092486038 0.0006760208870284848 0.9982881551237398 1.2864383459091187
